   7289.380   4419.871   2983.851   4354.904    -10.446  -10.181   -0.008  0.002    0.008  0.002    0.019     7289.380 4419.871   2992.705 4074.422
   7144.663   4421.506   2838.298   4354.758    -10.025   -9.759    0.003  0.002   -0.003  0.002    0.018     7144.663 4421.506   2846.626 4084.957
   6564.132   4463.686   2253.951   4318.370    -11.180  -10.892   -0.049 -0.020    0.050 -0.021   -0.004     6564.132 4463.686   2258.691 4090.991
   6984.439   4471.869   2676.642   4305.791     -9.644   -9.360    0.011 -0.024   -0.012 -0.024    0.000     6984.439 4471.869   2684.062 4047.176
   7908.091   4472.916   3605.545   4295.214     -9.792   -9.512   -0.020 -0.065    0.019 -0.066    0.004     7908.091 4472.916   3614.896 3968.506
   6339.120   4487.472   2027.418   4296.758    -10.721  -10.436   -0.034 -0.001    0.035 -0.001   -0.001     6339.120 4487.472   2030.198 4085.724
   7937.674   4514.999   3634.811   4252.539     -9.839   -9.538   -0.068 -0.021    0.068 -0.022   -0.016     7937.674 4514.999   3643.896 3923.229
   6158.816   4534.891   1845.624   4250.936    -11.251  -10.987    0.000 -0.003   -0.000 -0.003    0.020     6158.816 4534.891   1846.608 4052.538
   8011.380   4545.841   3708.692   4220.724    -10.718  -10.435    0.005  0.011   -0.004  0.011    0.002     8011.380 4545.841   3717.485 3885.709
   6842.277   4555.514   2532.767   4223.105    -12.045  -11.746   -0.019  0.009    0.019  0.009   -0.014     6842.277 4555.514   2539.184 3973.872
   6331.546   4570.578   2018.975   4213.259     -9.857   -9.551    0.002 -0.007   -0.002 -0.007   -0.021     6331.546 4570.578   2021.583 4001.517
   7559.529   4573.798   3253.965   4197.283     -9.712   -9.444    0.008  0.013   -0.008  0.013    0.016     7559.529 4573.798   3262.741 3895.092
   5234.526   4574.535    915.637   4220.657     -9.283   -9.018    0.010 -0.024   -0.010 -0.024    0.019     5234.526 4574.535    904.619 4090.329
   5840.753   4578.591   1525.286   4210.296    -10.139   -9.848    0.000 -0.020   -0.000 -0.021   -0.008     5840.753 4578.591   1522.764 4034.781
   6045.325   4582.191   1731.005   4204.525    -10.131   -9.844    0.013  0.012   -0.013  0.012   -0.003     6045.325 4582.191   1730.802 4013.791
   5457.370   4585.466   1139.653   4207.338    -11.999  -11.728    0.019 -0.007   -0.019 -0.006    0.012     5457.370 4585.466   1132.033 4060.203
   6258.288   4585.930   1945.138   4198.556    -11.291  -11.004    0.001  0.014   -0.001  0.014   -0.003     6258.288 4585.930   1947.056 3992.001
   7142.847   4594.753   2834.663   4180.534     -9.942   -9.688   -0.008  0.003    0.008  0.003    0.029     7142.847 4594.753   2842.373 3908.688
   4977.460   4598.674    656.814   4199.057    -10.005   -9.767   -0.025 -0.039    0.024 -0.039    0.045     4977.460 4598.674    641.527 4087.459
   6613.704   4605.111   2302.384   4175.619    -10.435  -10.141   -0.006 -0.020    0.006 -0.020   -0.009     6613.704 4605.111   2307.206 3942.556
   5250.711   4606.257    931.568   4188.557     -9.685   -9.432   -0.007  0.004    0.007  0.004    0.031     5250.711 4606.257    920.867 4056.439
   6566.528   4605.489   2254.922   4175.694    -12.575  -12.271   -0.017  0.013    0.017  0.013   -0.019     6566.528 4605.489   2259.410 3946.100
   4836.847   4610.428    515.280   4188.654    -11.576  -11.316   -0.017 -0.002    0.017 -0.002    0.024     4836.847 4610.428    497.506 4087.364
   5133.182   4610.371    813.344   4185.649    -10.355  -10.074    0.013 -0.008   -0.013 -0.008    0.004     5133.182 4610.371    800.773 4062.211
   4774.921   4612.907    452.988   4186.774    -12.249  -11.942   -0.003  0.026    0.003  0.027   -0.023     4774.921 4612.907    434.086 4090.072
   5160.306   4613.395    840.574   4182.324    -11.213  -10.910   -0.005 -0.006    0.005 -0.006   -0.019     5160.306 4613.395    828.453 4056.808
   4938.187   4618.072    617.149   4179.921    -11.892  -11.626    0.011 -0.006   -0.011 -0.006    0.018     4938.187 4618.072    601.226 4070.885
   5160.831   4618.302    841.052   4177.377    -11.126  -10.835   -0.003  0.000    0.003  0.000   -0.007     5160.831 4618.302    828.951 4051.730
   5372.152   4617.695   1053.604   4175.816     -9.393   -9.138    0.010 -0.016   -0.011 -0.016    0.029     5372.152 4617.695   1044.782 4034.448
   7158.052   4619.090   2849.719   4155.901    -11.259  -10.987    0.008  0.001   -0.008  0.001    0.012     7158.052 4619.090   2857.398 3882.646
   6413.477   4632.358   2100.661   4150.223     -9.383   -9.075   -0.070  0.045    0.071  0.045   -0.024     6413.477 4632.358   2103.916 3931.545
   7131.637   4633.883   2822.996   4141.318    -11.895  -11.614    0.005 -0.021   -0.005 -0.021    0.003     7131.637 4633.883   2830.532 3869.825
   5313.256   4635.480    994.190   4158.523    -11.419  -11.135    0.014 -0.001   -0.015 -0.001    0.000     5313.256 4635.480    984.507 4021.217
   5518.800   4637.647   1200.886   4154.228    -11.823  -11.553    0.011 -0.013   -0.011 -0.013    0.014     5518.800 4637.647   1194.204 4001.600
   4512.476   4639.401    188.776   4162.839    -10.087   -9.810    0.009  0.032   -0.009  0.032    0.007     4512.476 4639.401    164.780 4085.248
   4980.450   4640.788    659.414   4156.626    -12.887  -12.594    0.006  0.005   -0.006  0.005   -0.009     4980.450 4640.788    644.303 4043.990
   5221.357   4647.102    901.632   4147.781    -12.158  -11.868    0.002  0.005   -0.002  0.005   -0.006     5221.357 4647.102    890.557 4017.100
   7142.726   4648.715   2833.989   4126.274    -12.359  -12.084   -0.001 -0.008    0.001 -0.008    0.010     7142.726 4648.715   2841.513 3853.793
   4608.637   4651.645    285.349   4149.549    -10.145   -9.839   -0.003  0.012    0.003  0.012   -0.022     4608.637 4651.645    263.352 4064.491
   5364.941   4652.470   1045.983   4140.916     -9.422   -9.183    0.002 -0.017   -0.003 -0.017    0.046     5364.941 4652.470   1037.113 3999.459
   4895.133   4655.362    573.449   4142.849    -11.338  -11.045   -0.003  0.007    0.003  0.007   -0.009     4895.133 4655.362    556.871 4036.309
   5711.737   4655.536   1394.729   4134.230    -12.943  -12.645   -0.002 -0.006    0.002 -0.006   -0.014     5711.737 4655.536   1390.656 3967.000
   5003.186   4660.083    682.078   4137.004    -10.457  -10.203    0.004 -0.015   -0.005 -0.015    0.030     5003.186 4660.083    667.417 4022.304
   5024.951   4661.170    703.978   4135.670    -12.346  -12.056    0.025  0.001   -0.025  0.001   -0.006     5024.951 4661.170    689.694 4019.324
   6080.358   4668.296   1765.340   4117.554    -12.575  -12.287    0.008  0.020   -0.008  0.020   -0.003     6080.358 4668.296   1765.458 3922.917
   4781.126   4670.253    458.640   4129.050     -9.442   -9.070    0.003  0.011   -0.003  0.011   -0.087     4781.126 4670.253    440.039 4030.732
   4969.806   4671.426    648.401   4125.923    -11.440  -11.170    0.016  0.003   -0.016  0.004    0.014     4969.806 4671.426    633.194 4013.497
   6642.549   4671.342   2330.709   4108.690    -12.867  -12.604   -0.003 -0.002    0.003 -0.002    0.022     6642.549 4671.342   2335.600 3872.609
   4930.805   4673.975    609.122   4123.758    -10.402  -10.130   -0.013  0.008    0.013  0.008    0.013     4930.805 4673.975    593.237 4014.195
   4584.439   4675.033    260.803   4126.273     -9.363   -9.161    0.030  0.017   -0.030  0.017    0.082     4584.439 4675.033    238.415 4042.549
   4509.061   4678.836    184.914   4123.220    -10.669  -10.375   -0.009  0.025    0.009  0.025   -0.010     4509.061 4678.836    161.020 4045.065
   5128.048   4678.934    807.478   4116.737    -11.099  -10.819    0.022 -0.000   -0.022  0.000    0.003     5128.048 4678.934    794.984 3992.409
   4459.989   4680.334    135.547   4122.243    -11.785  -11.503   -0.008  0.004    0.008  0.004    0.001     4459.989 4680.334    110.662 4047.728
   4579.921   4681.133    256.143   4120.203    -11.711  -11.421   -0.022 -0.001    0.022 -0.001   -0.006     4579.921 4681.133    233.688 4036.698
   4615.019   4680.897    291.467   4120.058    -13.138  -12.854    0.000  0.017   -0.000  0.017    0.000     4615.019 4680.897    269.713 4033.928
   5141.377   4686.913    820.797   4108.585    -12.823  -12.527    0.018 -0.011   -0.018 -0.011   -0.012     5141.377 4686.913    808.537 3983.122
   5088.341   4693.011    767.383   4102.966    -10.163   -9.842    0.009  0.025   -0.009  0.025   -0.037     5088.341 4693.011    754.276 3981.326
   4357.362   4699.358     32.140   4104.180    -12.712  -12.432   -0.003 -0.003    0.003 -0.003    0.004     4357.362 4699.358      5.182 4036.925
   5044.245   4701.819    722.960   4094.581    -13.402  -13.114    0.025  0.006   -0.025  0.007   -0.004     5044.245 4701.819    709.146 3976.050
   6379.520   4705.628   2065.818   4076.942     -9.564   -9.272   -0.003 -0.012    0.003 -0.012   -0.008     6379.520 4705.628   2068.697 3859.712
   5846.639   4707.125   1529.863   4080.957    -11.678  -11.387   -0.008 -0.014    0.008 -0.014   -0.007     5846.639 4707.125   1527.438 3902.940
   7342.937   4707.068   3034.747   4065.503    -11.990  -11.711    0.005  0.001   -0.005  0.001    0.006     7342.937 4707.068   3042.619 3777.719
   4747.706   4711.620    424.560   4087.771     -9.592   -9.305   -0.035  0.031    0.036  0.031   -0.003     4747.706 4711.620    405.472 3991.128
   5501.249   4721.292   1182.363   4070.284    -12.660  -12.395    0.008 -0.014   -0.008 -0.013    0.019     5501.249 4721.292   1175.549 3917.521
   5079.418   4722.177    758.091   4073.751    -10.741  -10.435   -0.007 -0.002    0.007 -0.002   -0.022     5079.418 4722.177    744.910 3952.237
   4876.981   4732.797    554.382   4065.170     -9.595   -9.362   -0.009 -0.005    0.009 -0.005    0.051     4876.981 4732.797    537.724 3958.490
   4987.711   4738.130    665.711   4058.650    -11.903  -11.622    0.011  0.004   -0.011  0.004    0.002     4987.711 4738.130    651.007 3943.641
   5444.089   4737.997   1124.706   4054.075    -12.072  -11.793    0.012 -0.014   -0.012 -0.014    0.006     5444.089 4737.997   1117.120 3905.252
   4914.513   4738.775    592.061   4058.755    -10.365  -10.091   -0.015  0.008    0.015  0.008    0.010     4914.513 4738.775    576.087 3949.172
   5002.943   4739.004    681.019   4057.614    -12.747  -12.474    0.009  0.004   -0.009  0.004    0.012     5002.943 4739.004    666.578 3941.458
   5053.824   4742.751    732.136   4053.338     -9.321   -9.006   -0.009 -0.016    0.009 -0.016   -0.031     5053.824 4742.751    718.588 3933.341
   6413.814   4742.788   2099.923   4039.193    -10.322  -10.021   -0.002  0.008    0.002  0.008   -0.017     6413.814 4742.788   2103.031 3818.923
   5077.691   4749.432    756.085   4046.369    -10.485  -10.208    0.006 -0.014   -0.007 -0.014    0.006     5077.691 4749.432    742.945 3924.484
   4905.527   4750.509    582.913   4047.065     -9.868   -9.545   -0.004 -0.010    0.004 -0.010   -0.039     4905.527 4750.509    566.817 3937.927
   4839.243   4751.487    516.242   4046.755    -12.675  -12.393   -0.001  0.003    0.001  0.003    0.002     4839.243 4751.487    498.966 3942.521
   5226.873   4753.774    906.090   4040.437    -12.998  -12.725    0.020  0.006   -0.020  0.007    0.011     5226.873 4753.774    895.320 3907.437
   5059.072   4754.616    737.313   4041.325    -12.490  -12.206    0.015  0.009   -0.015  0.009    0.001     5059.072 4754.616    723.883 3920.721
   4445.955   4757.531    120.651   4044.770    -10.243   -9.946    0.011 -0.018   -0.012 -0.018   -0.013     4445.955 4757.531     95.819 3969.703
   5099.451   4758.085    777.891   4037.424    -12.025  -11.746    0.018  0.003   -0.018  0.003    0.005     5099.451 4758.085    765.126 3913.772
   5428.272   4759.158   1108.575   4032.944    -11.937  -11.634    0.007 -0.001   -0.007 -0.001   -0.019     5428.272 4759.158   1100.796 3884.933
   6382.784   4762.298   2068.506   4019.900    -12.649  -12.350   -0.009 -0.000    0.009 -0.000   -0.015     6382.784 4762.298   2071.339 3801.640
   4591.842   4774.660    267.173   4026.003    -10.726  -10.419   -0.011  0.011    0.011  0.011   -0.023     4591.842 4774.660    245.334 3939.731
   6031.002   4775.557   1714.575   4010.210    -13.099  -12.799   -0.005 -0.003    0.005 -0.003   -0.016     6031.002 4775.557   1714.168 3817.570
   4935.965   4779.460    613.219   4017.623     -9.474   -9.238   -0.010 -0.000    0.010 -0.000    0.049     4935.965 4779.460    597.741 3905.686
   5655.204   4778.770   1336.588   4010.864    -11.846  -11.570   -0.007  0.005    0.007  0.005    0.008     5655.204 4778.770   1331.857 3845.797
   5262.415   4780.044    941.524   4013.685    -10.677  -10.386   -0.019 -0.029    0.018 -0.030   -0.006     5262.415 4780.044    931.350 3877.590
   4791.265   4787.398    467.605   4011.153     -9.623   -9.385   -0.013 -0.015    0.013 -0.016    0.046     4791.265 4787.398    449.575 3909.798
   5582.283   4787.191   1263.155   4003.184    -10.523  -10.276   -0.014 -0.030    0.014 -0.030    0.037     5582.283 4787.191   1257.497 3843.349
   4779.623   4789.814    455.887   4008.845    -11.579  -11.227    0.003 -0.017   -0.003 -0.017   -0.068     4779.623 4789.814    437.653 3908.307
   6671.662   4794.534   2358.694   3984.486    -11.558  -11.282   -0.019  0.002    0.020  0.001    0.008     6671.662 4794.534   2363.521 3744.668
   5000.569   4796.026    678.016   4000.296    -10.257   -9.962   -0.014 -0.003    0.014 -0.003   -0.010     5000.569 4796.026    663.689 3883.270
   4815.007   4801.904    491.345   3996.308     -9.573   -9.286    0.000 -0.005   -0.000 -0.005   -0.003     4815.007 4801.904    473.798 3892.917
   4756.370   4808.902    432.278   3989.891     -9.659   -9.400   -0.022 -0.019    0.022 -0.020    0.026     4756.370 4808.902    413.685 3890.719
   4774.267   4808.780    450.294   3989.791    -13.197  -12.925   -0.006  0.017    0.006  0.017    0.013     4774.267 4808.780    432.030 3889.292
   5140.667   4810.206    818.793   3984.566    -11.868  -11.564    0.008  0.014   -0.008  0.014   -0.020     5140.667 4810.206    806.805 3856.935
   5111.716   4810.936    789.656   3984.149    -11.579  -11.287   -0.004 -0.004    0.004 -0.004   -0.007     5111.716 4810.936    777.215 3858.644
   5423.075   4814.963   1102.805   3976.849    -10.450  -10.141    0.044  0.022   -0.044  0.023   -0.025     5423.075 4814.963   1095.034 3828.294
   5046.209   4816.811    723.704   3978.913     -9.852   -9.548   -0.013  0.003    0.013  0.003   -0.020     5046.209 4816.811    710.230 3858.140
   4715.452   4820.855    391.021   3978.265    -11.436  -11.085   -0.001  0.008    0.002  0.008   -0.067     4715.452 4820.855    371.715 3881.904
   4853.055   4830.855    529.306   3966.792    -10.787  -10.485   -0.004 -0.001    0.004 -0.001   -0.018     4853.055 4830.855    512.534 3860.042
   5059.184   4830.560    736.618   3964.965     -9.496   -9.212   -0.005 -0.011    0.005 -0.011    0.000     5059.184 4830.560    723.390 3842.989
   4994.890   4833.053    671.945   3963.117     -9.755   -9.492    0.010 -0.006   -0.010 -0.006    0.021     4994.890 4833.053    657.622 3845.837
   6538.994   4834.520   2224.879   3945.647    -13.090  -12.794    0.008 -0.001   -0.009 -0.001   -0.012     6538.994 4834.520   2228.772 3715.003
   4988.742   4835.561    665.706   3960.653    -10.626  -10.349   -0.020 -0.001    0.020 -0.001    0.007     4988.742 4835.561    651.286 3843.784
   5363.099   4836.335   1042.246   3955.957     -9.580   -9.268    0.027  0.041   -0.026  0.041   -0.028     5363.099 4836.335   1033.661 3811.468
   5105.547   4836.581    783.187   3958.420     -9.627   -9.321   -0.003 -0.003    0.003 -0.003   -0.022     5105.547 4836.581    770.711 3832.916
   4754.664   4840.578    430.238   3958.013    -10.265   -9.989   -0.017  0.019    0.017  0.019    0.008     4754.664 4840.578    411.731 3858.371
   4841.275   4841.189    517.361   3956.508    -11.568  -11.303    0.005  0.012   -0.005  0.012    0.019     4841.275 4841.189    500.415 3850.438
   4899.066   4841.057    575.484   3956.042    -12.307  -12.031    0.005  0.012   -0.005  0.012    0.008     4899.066 4841.057    559.550 3845.699
   6793.997   4841.661   2481.236   3935.814    -10.331  -10.054   -0.024  0.009    0.024  0.009    0.007     6793.997 4841.661   2486.651 3686.516
   5388.750   4843.540   1067.943   3948.476    -11.419  -11.123    0.000  0.010   -0.000  0.010   -0.011     5388.750 4843.540   1059.734 3801.980
   4846.816   4846.730    522.865   3950.874    -12.062  -11.795   -0.007  0.016    0.007  0.016    0.017     4846.816 4846.730    506.034 3844.292
   4784.611   4855.084    460.218   3943.125    -13.108  -12.818   -0.005  0.007    0.005  0.007   -0.006     4784.611 4855.084    442.308 3840.994
   5183.128   4855.482    861.009   3938.595    -10.096   -9.800   -0.009  0.010    0.010  0.010   -0.012     5183.128 4855.482    849.775 3807.039
   4979.696   4857.418    656.398   3938.755     -9.773   -9.459   -0.004  0.008    0.004  0.008   -0.030     4979.696 4857.418    641.886 3822.159
   5986.713   4860.294   1669.156   3925.475     -9.454   -9.144   -0.003 -0.032    0.002 -0.032   -0.026     5986.713 4860.294   1668.273 3734.840
   4774.262   4861.523    449.740   3936.745    -13.261  -12.986   -0.008  0.019    0.008  0.019    0.009     4774.262 4861.523    431.666 3835.261
   4930.292   4863.819    606.631   3932.844    -11.509  -11.227   -0.017 -0.006    0.017 -0.006    0.001     4930.292 4863.819    591.301 3819.781
   5850.842   4864.472   1532.459   3922.651    -13.047  -12.743   -0.006 -0.003    0.006 -0.003   -0.021     5850.842 4864.472   1530.115 3741.899
   5791.277   4865.171   1472.544   3922.569    -11.836  -11.559   -0.007 -0.006    0.007 -0.006    0.007     5791.277 4865.171   1469.527 3746.168
   4520.123   4866.172    194.100   3934.718    -11.070  -10.795   -0.004  0.001    0.004  0.001    0.008     4520.123 4866.172    171.229 3851.977
   4919.940   4866.159    596.208   3930.593    -12.193  -11.914   -0.005 -0.001    0.005 -0.001    0.006     4919.940 4866.159    580.708 3818.251
   5288.943   4870.984    967.298   3921.906    -11.160  -10.879    0.019  0.012   -0.019  0.012    0.003     5288.943 4870.984    957.697 3782.299
   4691.549   4871.992    366.451   3927.086    -13.255  -12.978   -0.001  0.004    0.001  0.004    0.007     4691.549 4871.992    346.888 3831.526
   8106.865   4874.748   3801.351   3888.991     -9.889   -9.594    0.044 -0.041   -0.044 -0.041   -0.011     8106.865 4874.748   3807.934 3544.285
   4853.249   4877.021    529.005   3920.345    -10.865  -10.588   -0.022  0.012    0.022  0.012    0.007     4853.249 4877.021    512.384 3812.733
   5004.876   4876.510    681.523   3919.305    -12.409  -12.083   -0.005 -0.003    0.005 -0.003   -0.042     5004.876 4876.510    667.482 3800.509
   8210.617   4877.409   3905.631   3885.197    -12.120  -11.838    0.006  0.003   -0.006  0.003    0.003     8210.617 4877.409   3911.813 3533.015
   4677.131   4879.283    351.884   3919.921    -10.136   -9.855    0.008 -0.014   -0.008 -0.014    0.003     4677.131 4879.283    332.078 3825.289
   5177.578   4878.825    855.205   3915.192    -10.601  -10.304    0.010 -0.007   -0.010 -0.007   -0.013     5177.578 4878.825    843.940 3783.647
   6281.862   4887.689   1965.707   3894.835    -12.800  -12.509   -0.007 -0.001    0.007 -0.001   -0.007     6281.862 4887.689   1967.556 3682.260
   5233.840   4889.442    911.671   3903.930    -12.421  -12.146    0.002 -0.006   -0.002 -0.006    0.009     5233.840 4889.442    901.283 3768.070
   4664.233   4890.269    338.785   3908.994    -11.122  -10.861   -0.005 -0.002    0.005 -0.002    0.023     4664.233 4890.269    318.776 3815.108
   4918.527   4900.092    594.440   3896.489    -10.025   -9.738    0.001 -0.011   -0.001 -0.011   -0.003     4918.527 4900.092    579.014 3783.639
   5340.997   4906.355   1019.275   3885.808    -13.351  -13.073    0.010 -0.004   -0.011 -0.004    0.005     5340.997 4906.355   1010.493 3741.791
   5273.956   4907.984    951.831   3884.867    -10.910  -10.611    0.008 -0.007   -0.008 -0.007   -0.015     5273.956 4907.984    942.079 3745.751
   4764.351   4908.859    439.286   3889.244    -12.240  -11.945   -0.003  0.013    0.003  0.013   -0.011     4764.351 4908.859    421.198 3787.616
   5150.160   4910.449    827.309   3883.649    -11.707  -11.429    0.017  0.014   -0.017  0.014    0.006     5150.160 4910.449    815.699 3753.584
   5160.252   4912.846    837.426   3881.145    -11.347  -11.068    0.009  0.003   -0.009  0.003    0.005     5160.252 4912.846    825.976 3750.299
   5954.144   4913.898   1635.825   3871.849    -10.134   -9.873   -0.021  0.019    0.022  0.019    0.023     5954.144 4913.898   1634.601 3682.825
   4498.868   4914.797    172.220   3886.012    -10.629  -10.345   -0.003  0.023    0.003  0.023    0.000     4498.868 4914.797    149.137 3803.908
   5134.626   4915.186    811.625   3879.045    -12.558  -12.261    0.006  0.015   -0.006  0.015   -0.014     5134.626 4915.186    799.788 3750.041
   5099.430   4924.437    776.137   3870.111    -12.799  -12.509    0.012  0.009   -0.011  0.009   -0.006     5099.430 4924.437    763.777 3743.534
   5246.483   4925.731    924.018   3867.282    -12.920  -12.622    0.010  0.013   -0.010  0.013   -0.014     5246.483 4925.731    913.895 3729.892
   6167.002   4925.516   1849.774   3857.933     -9.534   -9.267   -0.028  0.046    0.029  0.046    0.017     6167.002 4925.516   1850.591 3653.226
   4951.961   4928.411    627.783   3867.631    -10.489  -10.196    0.012  0.019   -0.012  0.019   -0.010     4951.961 4928.411    613.002 3751.811
   4482.993   4928.590    156.106   3872.297    -12.247  -11.961   -0.008  0.030    0.009  0.030   -0.002     4482.993 4928.590    132.769 3791.102
   5292.779   4935.991    970.467   3856.488    -12.110  -11.817    0.004  0.010   -0.004  0.010   -0.009     5292.779 4935.991    961.043 3715.532
   5592.893   4936.969   1272.304   3852.394    -12.130  -11.854    0.017  0.012   -0.017  0.012    0.008     5592.893 4936.969   1266.928 3689.424
   5757.404   4936.734   1437.740   3850.958     -9.557   -9.313   -0.002 -0.020    0.002 -0.020    0.041     5757.404 4936.734   1434.369 3675.967
   4942.703   4937.744    618.378   3858.353    -10.989  -10.716    0.015  0.007   -0.015  0.007    0.011     4942.703 4937.744    603.468 3743.050
   4863.330   4939.168    538.480   3857.788     -9.857   -9.585   -0.040 -0.038    0.040 -0.039    0.012     4863.330 4939.168    522.222 3748.310
   5465.810   4941.861   1144.425   3848.798    -12.481  -12.190    0.001  0.004   -0.001  0.004   -0.006     5465.810 4941.861   1137.418 3695.049
   4458.359   4944.756    131.161   3856.310    -10.186   -9.907   -0.010  0.014    0.010  0.014    0.005     4458.359 4944.756    107.408 3776.625
   5593.674   4946.649   1272.973   3842.675    -11.440  -11.186    0.002 -0.013   -0.002 -0.014    0.031     5593.674 4946.649   1267.618 3679.501
   4671.091   4949.361    345.060   3849.478    -12.138  -11.848   -0.014  0.011    0.014  0.010   -0.005     4671.091 4949.361    325.416 3753.971
   4863.739   4950.002    538.798   3846.824    -10.249   -9.979   -0.021  0.025    0.022  0.025    0.013     4863.739 4950.002    522.580 3737.120
   4978.765   4954.601    654.460   3841.014     -9.611   -9.351    0.004  0.019   -0.004  0.019    0.024     4978.765 4954.601    640.197 3722.762
   5275.050   4955.062    952.442   3837.500    -13.292  -13.013    0.007 -0.000   -0.007 -0.000    0.005     5275.050 4955.062    942.797 3697.535
   4715.552   4955.484    389.730   3842.852    -11.759  -11.466    0.003  0.018   -0.003  0.018   -0.009     4715.552 4955.484    370.923 3743.956
   5091.187   4956.493    767.533   3837.920    -10.862  -10.576    0.029  0.045   -0.029  0.046   -0.002     5091.187 4956.493    755.121 3711.401
   4845.823   4959.663    520.707   3837.350     -9.889   -9.597    0.007 -0.032   -0.007 -0.032   -0.008     4845.823 4959.663    504.212 3728.791
   4854.799   4966.367    529.656   3830.503     -9.771   -9.485   -0.002 -0.020    0.002 -0.020   -0.002     4854.799 4966.367    513.335 3721.165
   5019.817   4966.618    695.626   3828.505    -12.683  -12.386    0.008  0.016   -0.008  0.016   -0.013     5019.817 4966.618    682.068 3707.026
   5146.387   4968.436    822.913   3825.380    -12.663  -12.391    0.018  0.001   -0.018  0.002    0.012     5146.387 4968.436    811.380 3694.621
   5231.789   4967.848    908.776   3825.094     -9.951   -9.652   -0.017 -0.005    0.017 -0.005   -0.015     5231.789 4967.848    898.522 3688.093
   5010.322   4968.794    686.032   3826.450    -10.005   -9.716   -0.015 -0.019    0.015 -0.019   -0.005     5010.322 4968.794    672.324 3705.633
   6572.168   4969.332   2256.829   3809.725    -11.659  -11.353   -0.007 -0.009    0.007 -0.009   -0.022     6572.168 4969.332   2260.699 3575.029
   5011.447   4973.906    687.117   3821.292     -9.484   -9.231   -0.009 -0.014    0.009 -0.014    0.031     5011.447 4973.906    673.441 3700.304
   5160.682   4975.459    837.206   3818.205     -9.789   -9.488    0.006 -0.034   -0.006 -0.034   -0.018     5160.682 4975.459    825.906 3686.283
   6000.828   4976.177   1682.152   3808.754     -9.466   -9.176    0.001 -0.006   -0.001 -0.006   -0.005     6000.828 4976.177   1681.389 3615.452
   6057.634   4979.626   1739.233   3804.690     -9.650   -9.365   -0.014  0.002    0.014  0.002   -0.001     6057.634 4979.626   1739.019 3607.206
   4723.934   4982.515    397.867   3815.591    -12.153  -11.872   -0.009  0.006    0.009  0.006    0.003     4723.934 4982.515    379.310 3715.583
   4892.536   4984.480    567.443   3811.885    -11.129  -10.868    0.019 -0.011   -0.019 -0.011    0.023     4892.536 4984.480    551.820 3699.451
   5215.755   4986.346    892.506   3806.642    -10.103   -9.820    0.031  0.008   -0.031  0.008    0.001     5215.755 4986.346    882.053 3670.507
   5191.128   4988.613    867.708   3804.629     -9.711   -9.427    0.024 -0.003   -0.025 -0.003   -0.001     5191.128 4988.613    856.894 3670.260
   8027.379   4994.885   3720.124   3768.940    -11.986  -11.711    0.005  0.006   -0.005  0.006    0.009     8027.379 4994.885   3726.250 3429.119
   4623.973   4996.721    297.172   3802.345    -10.506  -10.217   -0.023  0.000    0.023  0.000   -0.005     4623.973 4996.721    276.839 3709.436
   5205.705   4999.164    882.236   3793.856    -10.226   -9.918    0.002  0.007   -0.002  0.007   -0.024     5205.705 4999.164    871.660 3658.248
   5307.581   4998.810    984.712   3793.140     -9.767   -9.488    0.015  0.024   -0.015  0.024    0.006     5307.581 4998.810    975.619 3650.075
   5657.698   4998.672   1336.822   3789.681    -12.858  -12.559    0.000 -0.004   -0.000 -0.004   -0.015     5657.698 4998.672   1332.297 3621.051
   4759.331   5004.033    433.238   3793.578    -13.018  -12.753   -0.014  0.011    0.014  0.011    0.020     4759.331 5004.033    415.382 3690.584
   5565.986   5003.854   1244.523   3785.428     -9.614   -9.342   -0.008 -0.012    0.008 -0.012    0.012     5565.986 5003.854   1238.889 3623.407
   4572.797   5005.368    245.625   3794.183    -10.621  -10.332   -0.011 -0.004    0.012 -0.005   -0.005     4572.797 5005.368    224.348 3704.899
   5352.329   5009.858   1029.605   3781.582    -11.716  -11.425    0.017  0.006   -0.017  0.007   -0.007     5352.329 5009.858   1021.160 3635.063
   5752.650   5010.425   1432.208   3776.875    -13.148  -12.856    0.012 -0.002   -0.012 -0.002   -0.008     5752.650 5010.425   1428.828 3601.158
   5058.026   5011.212    733.621   3783.262    -11.008  -10.707    0.037  0.014   -0.037  0.014   -0.017     5058.026 5011.212    720.829 3658.243
   5368.672   5011.713   1046.029   3779.575     -9.287   -9.009    0.024 -0.020   -0.025 -0.020    0.006     5368.672 5011.713   1037.814 3631.830
   4430.798   5015.354    102.682   3785.638     -9.759   -9.456   -0.038 -0.032    0.038 -0.033   -0.019     4430.798 5015.354     78.695 3706.629
   7013.932   5017.146   2700.630   3757.046    -12.627  -12.347   -0.004  0.006    0.004  0.006    0.004     7013.932 5017.146   2706.489 3489.885
   4583.452   5018.322    256.220   3781.073     -9.425   -9.152    0.002 -0.034   -0.002 -0.034    0.011     4583.452 5018.322    235.202 3690.761
   4978.428   5018.380    653.461   3776.892    -10.174   -9.907    0.005 -0.001   -0.005 -0.001    0.017     4978.428 5018.380    639.373 3657.563
   5317.317   5019.205    994.285   3772.559    -12.057  -11.788    0.006 -0.008   -0.006 -0.008    0.015     5317.317 5019.205    985.367 3628.455
   4419.684   5021.508     91.467   3779.526     -9.371   -9.092   -0.012  0.004    0.012  0.004    0.005     4419.684 5021.508     67.289 3701.214
   4430.820   5022.627    102.622   3778.318    -11.773  -11.498   -0.044 -0.027    0.044 -0.027    0.009     4430.820 5022.627     78.668 3699.168
   5080.098   5023.899    755.662   3770.282    -13.255  -12.963    0.011  0.005   -0.011  0.005   -0.008     5080.098 5023.899    743.246 3643.440
   5103.338   5027.363    778.975   3766.595     -9.805   -9.479   -0.014 -0.033    0.014 -0.033   -0.042     5103.338 5027.363    766.924 3638.000
   4961.619   5033.203    636.387   3762.148     -9.225   -9.008   -0.010  0.008    0.010  0.008    0.067     4961.619 5033.203    622.067 3643.800
   6948.852   5033.324   2634.997   3741.440    -10.539  -10.250   -0.017  0.016    0.017  0.016   -0.004     6948.852 5033.324   2640.582 3478.815
   5116.591   5036.003    792.233   3757.716    -10.654  -10.382    0.006  0.019   -0.006  0.019    0.012     5116.591 5036.003    780.406 3628.008
   5109.768   5041.083    785.327   3752.677    -13.104  -12.843    0.015  0.020   -0.014  0.020    0.023     5109.768 5041.083    773.409 3623.382
   5782.494   5042.721   1461.846   3744.080     -9.496   -9.231   -0.030  0.003    0.030  0.002    0.019     5782.494 5042.721   1458.814 3565.738
   4548.763   5044.421    221.054   3755.137    -11.415  -11.143   -0.005  0.013    0.005  0.013    0.012     4548.763 5044.421    199.480 3666.906
   4707.112   5045.859    380.329   3752.026     -9.404   -9.178    0.029  0.037   -0.028  0.037    0.058     4707.112 5045.859    361.697 3652.110
   4748.496   5046.866    421.911   3750.601    -12.509  -12.222    0.000  0.021   -0.000  0.021   -0.003     4748.496 5046.866    404.009 3647.644
   7721.765   5051.737   3412.164   3714.937    -10.352  -10.073    0.000 -0.005   -0.000 -0.005    0.005     7721.765 5051.737   3418.674 3396.602
   5203.908   5053.646    879.876   3739.077    -13.244  -12.968    0.014  0.010   -0.014  0.010    0.007     5203.908 5053.646    869.389 3602.710
   4515.195   5056.103    187.163   3743.739    -11.846  -11.558   -0.014  0.010    0.014  0.010   -0.004     4515.195 5056.103    164.998 3657.760
   5464.200   5058.422   1141.603   3731.582     -9.375   -9.055    0.007  0.006   -0.007  0.006   -0.035     5464.200 5058.422   1134.739 3576.148
   5451.344   5058.844   1128.671   3731.291    -10.536  -10.244    0.009  0.006   -0.009  0.006   -0.008     5451.344 5058.844   1121.639 3576.786
   7924.355   5058.731   3615.847   3705.801    -10.831  -10.544    0.005 -0.001   -0.005 -0.001   -0.003     7924.355 5058.731   3621.897 3372.927
   5113.171   5060.677    788.539   3732.943    -12.117  -11.837    0.007  0.012   -0.007  0.012    0.005     5113.171 5060.677    776.720 3603.078
   5804.186   5064.867   1483.459   3721.584    -10.562  -10.277   -0.003  0.001    0.003  0.001   -0.001     5804.186 5064.867   1480.673 3541.357
   5107.044   5067.587    782.296   3726.080     -9.374   -9.066   -0.003 -0.011    0.003 -0.011   -0.024     5107.044 5067.587    770.400 3596.550
   8011.259   5069.781   3703.130   3693.784    -10.586  -10.310    0.001  0.002   -0.001  0.002    0.008     8011.259 5069.781   3708.864 3354.625
   5979.911   5073.379   1660.118   3711.220    -11.946  -11.654    0.012 -0.015   -0.012 -0.015   -0.008     5979.911 5073.379   1659.140 3518.133
   4854.045   5079.253    527.684   3716.973     -9.707   -9.438   -0.044 -0.017    0.044 -0.017    0.015     4854.045 5079.253    511.714 3605.729
   5007.264   5080.874    681.815   3713.751    -11.755  -11.476    0.005 -0.012   -0.006 -0.012    0.006     5007.264 5080.874    668.368 3591.254
   6668.627   5081.502   2352.688   3695.902    -11.071  -10.772    0.005 -0.000   -0.005  0.000   -0.015     6668.627 5081.502   2356.899 3452.961
   8380.381   5083.206   4074.247   3676.460    -10.445  -10.144    0.020  0.002   -0.020  0.002   -0.018     8380.381 5083.206   4078.241 3310.898
   4802.816   5084.378    476.113   3712.316    -10.144   -9.822   -0.039  0.016    0.039  0.016   -0.037     4802.816 5084.378    459.281 3604.735
   5205.919   5084.566    881.570   3707.962    -10.985  -10.699    0.007  0.006   -0.007  0.006   -0.002     5205.919 5084.566    871.179 3570.954
   4646.742   5087.429    319.117   3710.886    -12.304  -12.032   -0.036 -0.006    0.036 -0.006    0.013     4646.742 5087.429    299.558 3614.649
   5464.770   5088.599   1141.859   3701.222     -9.425   -9.126    0.003  0.009   -0.003  0.009   -0.015     5464.770 5088.599   1135.043 3545.297
   4985.956   5090.884    660.272   3703.902    -12.162  -11.890   -0.003 -0.010    0.003 -0.010    0.013     4985.956 5090.884    646.513 3582.800
   4726.041   5093.261    398.851   3704.178    -13.318  -13.023    0.005  0.015   -0.005  0.015   -0.011     4726.041 5093.261    380.716 3602.049
   5714.635   5095.159   1393.080   3692.050    -12.482  -12.192   -0.004 -0.004    0.004 -0.004   -0.006     5714.635 5095.159   1389.321 3517.899
   5223.486   5105.331    899.028   3686.904    -11.127  -10.854    0.012 -0.002   -0.012 -0.002    0.011     5223.486 5105.331    888.938 3548.288
   4962.011   5106.035    636.054   3688.904    -11.402  -11.135    0.019 -0.002   -0.019 -0.001    0.016     4962.011 5106.035    621.952 3569.303
   4660.991   5109.465    333.237   3688.578    -13.330  -13.041   -0.018 -0.008    0.018 -0.008   -0.005     4660.991 5109.465    314.016 3590.906
   5381.239   5113.219   1057.608   3677.320    -11.278  -11.016    0.018  0.015   -0.018  0.015    0.022     5381.239 5113.219   1049.734 3527.099
   4644.599   5115.208    316.675   3682.967     -9.557   -9.271   -0.035 -0.004    0.035 -0.004   -0.003     4644.599 5115.208    297.181 3586.394
   4913.124   5115.827    586.773   3679.562     -9.816   -9.490    0.007 -0.002   -0.007 -0.002   -0.042     4913.124 5115.827    571.903 3563.374
   4802.891   5125.323    475.800   3671.131    -10.258   -9.959   -0.003  0.021    0.003  0.021   -0.015     4802.891 5125.323    459.108 3562.840
   5296.330   5128.657    972.045   3662.682    -12.501  -12.216    0.010  0.006   -0.010  0.006   -0.000     5296.330 5128.657    963.038 3518.410
   5162.211   5130.649    837.129   3662.096    -11.310  -11.033    0.002 -0.023   -0.003 -0.023    0.007     5162.211 5130.649    826.205 3527.541
   4941.867   5132.339    615.489   3662.653    -11.270  -10.990   -0.014  0.002    0.014  0.002    0.004     4941.867 5132.339    601.134 3544.095
   5169.854   5133.762    844.787   3658.834    -11.303  -11.028    0.006  0.029   -0.006  0.029    0.008     5169.854 5133.762    833.982 3523.673
   6003.800   5134.538   1683.504   3649.430     -9.863   -9.519    0.007  0.016   -0.007  0.016   -0.059     6003.800 5134.538   1682.750 3453.822
   5789.186   5148.469   1467.502   3637.677     -9.593   -9.318   -0.007 -0.019    0.007 -0.019    0.009     5789.186 5148.469   1464.587 3457.402
   5382.973   5157.667   1058.894   3632.599    -12.439  -12.158    0.021  0.016   -0.021  0.016    0.004     5382.973 5157.667   1051.119 3481.592
   4724.571   5161.363    396.660   3635.715    -11.701  -11.447   -0.001  0.001    0.001  0.001    0.030     4724.571 5161.363    378.748 3532.522
   7117.960   5162.725   2803.750   3609.570    -10.550  -10.284    0.002 -0.010   -0.002 -0.010    0.017     7117.960 5162.725   2809.437 3333.570
   5303.007   5164.002    978.386   3627.060    -10.159   -9.900    0.003  0.011   -0.003  0.011    0.024     5303.007 5164.002    969.539 3481.774
   5152.508   5177.218    826.910   3615.318     -9.945   -9.674    0.025  0.019   -0.025  0.020    0.013     5152.508 5177.218    815.953 3480.739
   4695.843   5187.464    367.480   3609.742    -11.231  -10.952   -0.017  0.019    0.017  0.019    0.005     4695.843 5187.464    349.162 3508.200
   5601.663   5188.407   1278.494   3599.428    -13.141  -12.861   -0.003  0.005    0.003  0.005    0.004     5601.663 5188.407   1273.472 3432.160
   8223.173   5190.886   3915.036   3569.782    -10.684  -10.406    0.036  0.009   -0.036  0.010    0.006     8223.173 5190.886   3919.140 3214.843
   5512.043   5196.041   1188.310   3592.660    -10.300  -10.018    0.026  0.022   -0.025  0.023    0.002     5512.043 5196.041   1182.221 3431.762
   4691.932   5198.557    363.450   3598.632    -12.216  -11.929    0.002  0.013   -0.001  0.013   -0.003     4691.932 5198.557    345.105 3497.187
   7292.995   5204.876   2979.345   3565.380    -10.441  -10.163   -0.003 -0.027    0.003 -0.027    0.006     7292.995 5204.876   2985.167 3276.516
   7746.363   5212.364   3435.197   3553.065    -11.588  -11.394   -0.038  0.063    0.039  0.063    0.091     7746.363 5212.364   3440.825 3231.857
   6828.234   5213.489   2511.813   3561.507    -10.409  -10.126   -0.022 -0.002    0.022 -0.003    0.001     6828.234 5213.489   2516.457 3305.770
   4629.496   5218.428    300.429   3579.300     -9.697   -9.387   -0.020  0.006    0.020  0.006   -0.025     4629.496 5218.428    281.049 3482.069
   4809.443   5227.206    481.344   3568.605    -10.625  -10.345    0.009  0.010   -0.009  0.010    0.004     4809.443 5227.206    465.113 3458.128
   5573.822   5226.718   1250.099   3561.177    -11.036  -10.752    0.000  0.013   -0.000  0.013   -0.000     5573.822 5226.718   1244.791 3395.392
   8204.512   5228.836   3895.838   3531.797    -10.995  -10.709   -0.000  0.020    0.001  0.020   -0.002     8204.512 5228.836   3899.764 3177.984
   6517.532   5240.291   2199.049   3537.769     -9.298   -9.007   -0.025 -0.003    0.025 -0.004   -0.007     6517.532 5240.291   2202.121 3303.989
   5180.671   5242.217    854.549   3549.657    -10.322  -10.043    0.014  0.016   -0.014  0.016    0.005     5180.671 5242.217    844.143 3412.053
   4869.461   5243.600    541.523   3551.506    -11.618  -11.349   -0.004 -0.001    0.004 -0.001    0.015     4869.461 5243.600    526.328 3436.405
   5057.683   5250.266    730.753   3542.842    -13.054  -12.766   -0.005  0.010    0.005  0.010   -0.005     5057.683 5250.266    718.579 3414.002
   6988.162   5251.152   2672.291   3521.976    -11.034  -10.760    0.002 -0.007   -0.003 -0.007    0.010     6988.162 5251.152   2677.356 3254.480
   5871.321   5257.679   1548.980   3526.981     -9.578   -9.278   -0.002 -0.011    0.002 -0.011   -0.016     5871.321 5257.679   1546.936 3339.362
   4545.379   5266.819    215.326   3531.505    -11.899  -11.632   -0.022  0.004    0.022  0.003    0.017     4545.379 5266.819    194.622 3439.560
   5618.512   5268.086   1294.613   3519.116    -12.420  -12.137   -0.003  0.006    0.003  0.006    0.001     5618.512 5268.086   1289.867 3349.553
   5141.992   5270.058    815.347   3522.062    -11.764  -11.481    0.001  0.011   -0.001  0.011    0.001     5141.992 5270.058    804.453 3386.834
   6388.091   5273.647   2068.525   3505.557     -9.271   -9.001   -0.021  0.002    0.021  0.002    0.014     6388.091 5273.647   2070.748 3280.693
   7896.651   5274.430   3585.744   3489.160    -11.168  -10.880    0.003 -0.012   -0.004 -0.012   -0.004     7896.651 5274.430   3590.624 3156.919
   4864.846   5275.444    536.553   3519.506    -13.207  -12.927   -0.003  0.020    0.003  0.020    0.005     4864.846 5275.444    521.389 3404.231
   4556.848   5276.795    226.772   3521.366    -12.397  -12.134   -0.008 -0.009    0.008 -0.009    0.021     4556.848 5276.795    206.318 3428.419
   5393.982   5279.364   1068.680   3510.107    -12.416  -12.140   -0.003 -0.003    0.003 -0.003    0.008     5393.982 5279.364   1061.239 3356.563
   5083.607   5281.621    756.495   3511.045    -12.434  -12.138   -0.010  0.003    0.010  0.003   -0.012     5083.607 5281.621    744.786 3379.852
   5689.639   5296.653   1365.854   3489.667     -9.873   -9.572    0.000 -0.013   -0.000 -0.013   -0.016     5689.639 5296.653   1361.927 3314.614
   4692.582   5306.914    363.015   3489.642     -9.696   -9.425    0.037  0.016   -0.037  0.017    0.012     4692.582 5306.914    345.083 3386.350
   5434.477   5310.001   1109.108   3478.873    -12.178  -11.886    0.016 -0.001   -0.016 -0.001   -0.007     5434.477 5310.001   1102.227 3321.982
   4672.299   5311.930    342.527   3484.817    -13.174  -12.887    0.000  0.008   -0.000  0.008   -0.003     4672.299 5311.930    324.262 3382.920
   5335.917   5314.920   1009.926   3474.933     -9.773   -9.480    0.011  0.011   -0.010  0.012   -0.009     5335.917 5314.920   1001.790 3325.069
   5558.306   5322.161   1233.508   3465.354    -10.441  -10.172    0.004  0.005   -0.004  0.005    0.015     5558.306 5322.161   1228.125 3299.397
   7583.780   5325.634   3270.565   3440.901    -11.245  -10.981    0.018 -0.010   -0.019 -0.010    0.020     7583.780 5325.634   3275.844 3130.509
   6200.065   5329.120   1878.870   3451.735     -9.315   -9.045    0.002 -0.020   -0.003 -0.020    0.015     6200.065 5329.120   1879.693 3239.703
   4641.269   5350.240    310.942   3446.616    -10.441  -10.171    0.021 -0.000   -0.021  0.000    0.014     4641.269 5350.240    292.285 3346.343
   4626.726   5353.770    296.254   3443.215    -12.075  -11.797   -0.005  0.001    0.005  0.001    0.006     4626.726 5353.770    277.356 3343.936
   5074.606   5357.123    746.666   3435.219    -11.036  -10.747   -0.004 -0.013    0.004 -0.013   -0.004     5074.606 5357.123    735.009 3303.552
   8375.695   5357.086   4066.668   3401.033    -11.188  -10.920   -0.003  0.024    0.003  0.024    0.016     8375.695 5357.086   4068.788 3034.652
   4513.179   5359.485    182.006   3438.650    -11.735  -11.462    0.004 -0.006   -0.004 -0.006    0.012     4513.179 5359.485    161.098 3347.488
   4595.328   5363.980    264.578   3433.272    -12.555  -12.263    0.003  0.001   -0.003  0.001   -0.007     4595.328 5363.980    245.168 3336.093
   8336.690   5364.472   4027.382   3394.013     -9.521   -9.252    0.016  0.019   -0.016  0.020    0.015     8336.690 5364.472   4029.694 3030.341
   5480.412   5380.262   1154.562   3407.747    -11.807  -11.540    0.001 -0.016   -0.002 -0.016    0.017     5480.412 5380.262   1148.334 3246.608
   4700.302   5389.346    369.891   3406.665    -12.396  -12.120    0.004  0.008   -0.004  0.008    0.008     4700.302 5389.346    352.397 3301.490
   5779.714   5402.608   1455.341   3382.157    -10.559  -10.290   -0.005 -0.000    0.005 -0.000    0.015     5779.714 5402.608   1452.461 3199.316
   5824.572   5416.472   1500.313   3367.737    -10.563  -10.296   -0.004  0.011    0.004  0.011    0.018     5824.572 5416.472   1497.870 3181.548
   5664.209   5417.864   1339.020   3368.027     -9.743   -9.446   -0.001 -0.016    0.001 -0.017   -0.013     5664.209 5417.864   1334.928 3193.255
   4396.538   5429.487     63.956   3369.460    -11.624  -11.372   -0.010 -0.012    0.009 -0.013    0.033     4396.538 5429.487     41.190 3285.593
   5020.736   5433.199    691.698   3359.255    -12.320  -12.038   -0.004 -0.004    0.004 -0.004    0.002     5020.736 5433.199    679.414 3230.333
   8374.085   5440.420   4064.190   3317.260    -12.677  -12.397    0.002  0.000   -0.002  0.000    0.005     8374.085 5440.420   4065.750 2950.703
   5210.387   5450.707    882.256   3339.682    -12.475  -12.191   -0.001 -0.004    0.001 -0.004   -0.000     5210.387 5450.707    872.703 3196.943
   5734.194   5479.774   1408.749   3305.052     -9.691   -9.424   -0.015 -0.032    0.015 -0.032    0.018     5734.194 5479.774   1405.453 3124.556
   5131.620   5485.259    802.696   3305.736    -10.888  -10.615    0.015  0.007   -0.015  0.007    0.011     5131.620 5485.259    792.143 3168.190
   5269.281   5508.519    940.902   3280.941    -13.301  -12.984    0.013 -0.018   -0.013 -0.018   -0.033     5269.281 5508.519    932.247 3133.248
   5109.618   5522.028    780.177   3269.030     -9.608   -9.378    0.006 -0.039   -0.007 -0.039    0.054     5109.618 5522.028    769.411 3132.553
   4640.706   5536.457    308.413   3259.344    -11.574  -11.312   -0.010 -0.010    0.010 -0.010    0.022     4640.706 5536.457    290.451 3156.226
   5690.014   5571.441   1363.371   3213.303     -9.636   -9.324   -0.009 -0.019    0.008 -0.020   -0.028     5690.014 5571.441   1359.663 3034.894
   6635.733   5573.668   2314.493   3201.254    -10.546  -10.241   -0.001 -0.005    0.001 -0.005   -0.021     6635.733 5573.668   2317.512 2956.047
   5703.068   5581.426   1376.416   3203.108    -12.993  -12.719    0.012 -0.002   -0.012 -0.002    0.010     5703.068 5581.426   1372.848 3023.657
   7723.014   5585.638   3407.879   3177.923     -9.347   -9.036   -0.001  0.028    0.001  0.028   -0.028     7723.014 5585.638   3411.629 2856.349
   7949.954   5590.423   3636.061   3170.768     -9.528   -9.199   -0.009  0.021    0.009  0.021   -0.045     7949.954 5590.423   3638.978 2833.344
   8130.271   5592.082   3817.427   3167.294     -9.260   -9.038    0.023 -0.041   -0.024 -0.041    0.062     8130.271 5592.082   3819.451 2817.297
   5779.089   5597.768   1452.681   3185.878    -10.363  -10.055   -0.011  0.004    0.011  0.004   -0.024     5779.089 5597.768   1449.895 3000.868
   5142.699   5602.168    812.624   3188.088     -9.522   -9.260    0.013 -0.040   -0.014 -0.040    0.022     5142.699 5602.168    802.503 3048.190
   4625.564   5640.193    292.124   3155.168    -12.264  -11.995    0.006 -0.008   -0.006 -0.008    0.015     4625.564 5640.193    274.319 3051.602
   4698.520   5645.266    365.438   3149.304    -13.320  -13.048   -0.002 -0.001    0.002 -0.001    0.012     4698.520 5645.266    348.855 3040.453
   6066.244   5644.771   1740.998   3135.624    -11.003  -10.710   -0.005  0.012    0.005  0.012   -0.009     6066.244 5644.771   1740.657 2929.858
   6754.663   5644.465   2433.322   3128.825    -10.244   -9.983   -0.048 -0.009    0.048 -0.010    0.023     6754.663 5644.465   2436.612 2874.726
   7461.443   5653.452   3144.102   3112.450     -9.745   -9.414   -0.004  0.007    0.004  0.007   -0.047     7461.443 5653.452   3148.058 2808.845
   5358.868   5658.119   1029.445   3129.533     -9.511   -9.214    0.008  0.004   -0.008  0.004   -0.013     5358.868 5658.119   1022.193 2973.594
   5631.124   5665.604   1303.213   3119.221     -9.808   -9.499    0.037 -0.031   -0.038 -0.031   -0.025     5631.124 5665.604   1298.991 2943.932
   7046.144   5669.779   2726.252   3100.327     -9.320   -9.061   -0.005  0.010    0.006  0.010    0.025     7046.144 5669.779   2730.163 2825.642
   5993.609   5682.767   1667.576   3098.226     -9.545   -9.271    0.017 -0.052   -0.018 -0.052    0.010     5993.609 5682.767   1666.666 2897.204
   6054.092   5695.849   1728.262   3084.393    -11.276  -10.970    0.010 -0.003   -0.010 -0.003   -0.022     6054.092 5695.849   1727.814 2878.997
   7387.342   5707.888   3069.028   3058.486    -11.178  -10.883    0.013 -0.010   -0.013 -0.010   -0.012     7387.342 5707.888   3072.840 2759.787
   6318.159   5710.027   1993.712   3067.392    -11.881  -11.577    0.027  0.004   -0.027  0.004   -0.019     6318.159 5710.027   1994.969 2843.351
   7789.087   5713.880   3473.006   3048.291    -10.783  -10.503    0.006 -0.002   -0.006 -0.002    0.004     7789.087 5713.880   3475.878 2721.626
   8174.532   5727.080   3860.525   3031.027    -12.101  -11.840    0.008 -0.006   -0.008 -0.006    0.024     8174.532 5727.080   3861.467 2677.627
   7924.184   5733.263   3608.666   3027.398    -10.384  -10.110   -0.005 -0.004    0.005 -0.004    0.010     7924.184 5733.263   3610.891 2691.311
   8394.053   5740.143   4081.169   3015.605    -11.053  -10.753    0.009  0.004   -0.009  0.005   -0.016     8394.053 5740.143   4080.560 2646.986
   4439.805   5747.982    104.169   3048.704    -10.580  -10.292   -0.007 -0.028    0.006 -0.028   -0.004     4439.805 5747.982     83.640 2956.825
   6231.520   5749.773   1906.151   3028.296    -12.574  -12.270    0.014  0.023   -0.014  0.023   -0.020     6231.520 5749.773   1906.857 2809.990
   5699.918   5752.190   1371.472   3031.413    -11.907  -11.615    0.007 -0.020   -0.007 -0.020   -0.008     5699.918 5752.190   1368.000 2850.376
   4885.476   5762.001    552.246   3029.976    -11.043  -10.750   -0.009 -0.016    0.009 -0.016   -0.009     4885.476 5762.001    538.931 2906.265
   6107.560   5765.205   1781.328   3014.095    -10.685  -10.381    0.021 -0.013   -0.021 -0.013   -0.020     6107.560 5765.205   1781.231 2804.325
   5631.777   5772.476   1302.737   3011.703    -10.875  -10.580    0.015 -0.006   -0.015 -0.006   -0.011     5631.777 5772.476   1298.620 2835.241
   5722.949   5771.967   1394.424   3011.262    -11.250  -10.939    0.001  0.002   -0.001  0.002   -0.027     5722.949 5771.967   1391.217 2828.389
   4451.963   5772.829    116.143   3023.579    -10.761  -10.499   -0.002 -0.019    0.002 -0.019    0.022     4451.963 5772.829     95.943 2930.475
   5700.985   5794.228   1372.100   2989.103    -13.233  -12.968   -0.001  0.000    0.001  0.000    0.019     5700.985 5794.228   1368.666 2807.573
   5761.075   5816.662   1432.305   2965.920    -11.430  -11.158    0.002 -0.002   -0.002 -0.002    0.012     5761.075 5816.662   1429.473 2779.940
   5934.706   5820.725   1606.888   2960.020     -9.701   -9.416    0.002  0.013   -0.002  0.013   -0.001     5934.706 5820.725   1605.508 2761.852
   6031.733   5823.892   1704.451   2955.842    -13.479  -13.167    0.015  0.002   -0.015  0.002   -0.028     6031.733 5823.892   1703.799 2750.865
   5662.970   5830.187   1333.498   2953.325    -12.248  -11.960    0.003  0.006   -0.003  0.006   -0.004     5662.970 5830.187   1329.733 2774.101
   5732.205   5833.251   1403.108   2949.586     -9.503   -9.164    0.012 -0.052   -0.012 -0.053   -0.055     5732.205 5833.251   1400.025 2765.467
   4820.471   5834.528    486.121   2957.701    -10.050   -9.774   -0.004 -0.011    0.004 -0.011    0.008     4820.471 5834.528    472.092 2837.660
   5644.788   5849.927   1315.018   2933.676    -12.133  -11.853    0.013 -0.011   -0.014 -0.010    0.004     5644.788 5849.927   1311.098 2755.529
   5697.749   5850.793   1368.266   2932.250    -12.770  -12.493    0.006 -0.004   -0.006 -0.004    0.008     5697.749 5850.793   1364.848 2750.390
   5750.109   5855.887   1420.881   2926.590    -10.812  -10.499    0.014 -0.009   -0.014 -0.009   -0.029     5750.109 5855.887   1417.972 2741.003
   7028.198   5858.750   2706.251   2910.466    -11.756  -11.470    0.002 -0.000   -0.002 -0.000   -0.002     7028.198 5858.750   2709.512 2635.999
   6624.436   5864.929   2300.092   2908.441     -9.894   -9.591   -0.017 -0.008    0.017 -0.008   -0.019     6624.436 5864.929   2302.501 2661.922
   5819.804   5868.045   1490.826   2913.663    -13.394  -13.100   -0.009 -0.030    0.009 -0.031   -0.010     5819.804 5868.045   1488.524 2723.097
   4665.734   5878.048    330.047   2915.510    -12.792  -12.503   -0.002  0.012    0.002  0.012   -0.005     4665.734 5878.048    313.836 2805.837
   8262.341   5892.280   3947.110   2863.927    -11.748  -11.471   -0.004  0.035    0.004  0.035    0.006     8262.341 5892.280   3946.420 2504.242
   5721.180   5896.998   1391.373   2885.542    -10.998  -10.713    0.027 -0.009   -0.028 -0.009   -0.002     5721.180 5896.998   1388.232 2701.589
   5527.978   5902.379   1196.973   2882.139    -11.127  -10.826   -0.008 -0.016    0.008 -0.016   -0.017     5527.978 5902.379   1191.957 2711.652
   6718.655   5903.966   2394.469   2868.190    -10.384  -10.069    0.006  0.005   -0.006  0.005   -0.031     6718.655 5903.966   2397.076 2614.907
   7544.454   5907.858   3224.951   2855.725    -11.669  -11.398   -0.002  0.005    0.002  0.005    0.013     7544.454 5907.858   3227.622 2545.397
   4480.675   5912.109    143.576   2883.178    -10.346  -10.054   -0.000  0.004    0.001  0.004   -0.007     4480.675 5912.109    124.498 2786.114
   5657.128   5912.150   1326.798   2870.981    -11.474  -11.175    0.027 -0.024   -0.028 -0.023   -0.015     5657.128 5912.150   1323.057 2691.371
   5684.589   5912.940   1354.344   2869.916     -9.678   -9.401   -0.035 -0.036    0.035 -0.037    0.007     5684.589 5912.940   1350.859 2688.383
   5691.187   5917.150   1360.981   2865.620     -9.863   -9.526    0.009 -0.044   -0.010 -0.044   -0.054     5691.187 5917.150   1357.561 2683.584
   6929.451   5950.115   2605.881   2819.665     -9.744   -9.475   -0.107 -0.065    0.107 -0.066    0.015     6929.451 5950.115   2608.774 2551.590
   4940.275   5950.620    605.418   2839.708    -10.277   -9.990    0.008 -0.017   -0.008 -0.017   -0.003     4940.275 5950.620    593.467 2709.837
   7040.604   5994.989   2717.327   2773.316    -11.622  -11.316    0.015 -0.000   -0.015 -0.000   -0.022     7040.604 5994.989   2720.170 2497.374
   8294.664   5998.462   3978.513   2756.827    -10.393  -10.128   -0.007  0.009    0.007  0.009    0.019     8294.664 5998.462   3976.894 2394.897
   7705.907   6014.825   3386.219   2746.489     -9.827   -9.530   -0.001 -0.013    0.001 -0.013   -0.014     7705.907 6014.825   3387.862 2424.799
   6366.610   6035.622   2039.054   2739.424    -12.960  -12.667    0.020  0.005   -0.020  0.005   -0.009     6366.610 6035.622   2040.188 2509.639
   8402.548   6038.374   4086.601   2715.565     -9.675   -9.396   -0.007  0.012    0.007  0.012    0.005     8402.548 6038.374   4083.888 2346.309
   5487.287   6086.425   1154.169   2697.454    -11.331  -11.059    0.022 -0.013   -0.022 -0.013    0.013     5487.287 6086.425   1148.997 2528.083
   6181.405   6086.720   1852.261   2689.948     -9.998   -9.711    0.022  0.008   -0.022  0.008   -0.004     6181.405 6086.720   1852.432 2472.597
   7328.226   6089.473   3005.607   2675.308    -13.051  -12.764    0.006  0.003   -0.006  0.003   -0.003     7328.226 6089.473   3007.969 2379.308
   7859.930   6093.089   3540.322   2666.149    -10.132   -9.814    0.007  0.019   -0.007  0.019   -0.034     7859.930 6093.089   3540.863 2333.825
   4839.855   6093.553    502.943   2696.984    -10.400  -10.113    0.011 -0.008   -0.011 -0.008   -0.003     4839.855 6093.553    490.061 2572.517
   5067.245   6099.530    731.585   2688.608    -13.150  -12.878    0.023  0.002   -0.023  0.002    0.012     5067.245 6099.530    721.767 2548.260
   7364.906   6102.981   3042.350   2661.326    -11.979  -11.682   -0.001  0.018    0.002  0.019   -0.013     7364.906 6102.981   3044.589 2362.784
   6719.325   6113.171   2392.954   2657.852    -10.215   -9.930   -0.012 -0.069    0.012 -0.070   -0.001     6719.325 6113.171   2395.102 2403.442
   6017.843   6124.017   1687.353   2654.141    -10.517  -10.198    0.000 -0.003   -0.001 -0.003   -0.035     6017.843 6124.017   1686.554 2447.803
   7109.429   6127.285   2785.166   2639.572    -10.018   -9.732    0.007 -0.025   -0.008 -0.025   -0.002     7109.429 6127.285   2787.622 2358.418
   8266.942   6159.889   3948.940   2594.723    -10.580  -10.281   -0.024  0.047    0.025  0.047   -0.015     8266.942 6159.889   3946.459 2234.748
   8361.110   6160.072   4043.685   2593.619    -10.000   -9.720    0.014 -0.009   -0.014 -0.009    0.004     8361.110 6160.072   4040.454 2227.281
   6792.369   6188.599   2465.606   2581.166     -9.669   -9.378   -0.039 -0.001    0.039 -0.001   -0.007     6792.369 6188.599   2467.705 2321.459
   4632.594   6193.916    293.346   2598.132     -9.312   -9.003   -0.095  0.052    0.096  0.051   -0.025     4632.594 6193.916    277.864 2486.983
   7676.561   6193.824   3354.832   2566.756     -9.886   -9.589   -0.017 -0.002    0.017 -0.002   -0.013     7676.561 6193.824   3355.701 2246.840
   7961.868   6219.631   3641.537   2537.846    -11.572  -11.282    0.014 -0.003   -0.015 -0.003   -0.006     7961.868 6219.631   3640.821 2198.567
   6628.479   6223.733   2300.431   2547.547    -10.034   -9.726   -0.022 -0.020    0.022 -0.021   -0.024     6628.479 6223.733   2302.153 2298.857
   7198.542   6242.408   2873.555   2522.821     -9.370   -9.109   -0.032  0.020    0.032  0.019    0.023     7198.542 6242.408   2875.545 2235.300
   7653.810   6244.563   3331.442   2515.960    -11.077  -10.803    0.001 -0.002   -0.001 -0.002    0.010     7653.810 6244.563   3332.163 2197.547
   6080.103   6250.129   1748.653   2526.672     -9.392   -9.109   -0.008 -0.014    0.008 -0.014    0.001     6080.103 6250.129   1748.197 2315.252
   5383.282   6256.849   1047.785   2527.115    -13.053  -12.775    0.007  0.000   -0.007  0.000    0.006     5383.282 6256.849   1041.848 2363.488
   6136.294   6310.396   1804.568   2465.491    -10.066   -9.807    0.019 -0.029   -0.020 -0.029    0.024     6136.294 6310.396   1804.394 2249.904
   5948.436   6325.015   1615.475   2452.710    -12.552  -12.244    0.012 -0.005   -0.013 -0.005   -0.024     5948.436 6325.015   1614.239 2249.861
   4417.615   6333.999     75.768   2459.548    -10.149   -9.862   -0.010 -0.026    0.010 -0.026   -0.003     4417.615 6333.999     57.576 2361.707
   7098.872   6340.935   2772.321   2424.772    -11.144  -10.853   -0.002  0.007    0.002  0.007   -0.007     7098.872 6340.935   2774.090 2143.804
   4804.968   6347.814    465.201   2441.614    -11.238  -10.949   -0.005  0.002    0.005  0.002   -0.004     4804.968 6347.814    452.717 2316.957
   4743.848   6364.923    403.570   2425.068    -10.615  -10.339    0.011 -0.026   -0.011 -0.027    0.008     4743.848 6364.923    390.320 2304.448
   5579.731   6378.334   1244.116   2402.916    -10.475  -10.187    0.025 -0.019   -0.025 -0.018   -0.004     5579.731 6378.334   1240.166 2224.919
   6828.823   6401.141   2500.097   2367.035    -10.322  -10.007   -0.006 -0.011    0.006 -0.011   -0.031     6828.823 6401.141   2501.714 2104.179
   4803.744   6412.042    463.305   2377.041     -9.851   -9.434   -0.004 -0.009    0.004 -0.009   -0.133     4803.744 6412.042    451.018 2251.871
   7785.816   6425.441   3462.324   2332.667    -10.312  -10.051   -0.003  0.007    0.003  0.007    0.022     7785.816 6425.441   3460.678 2040.431
   4899.003   6429.644    558.949   2358.350    -11.711  -11.435    0.017 -0.007   -0.017 -0.007    0.009     4899.003 6429.644    547.933 2226.511
   7977.001   6435.808   3654.497   2320.264    -11.637  -11.369   -0.003  0.003    0.003  0.003    0.016     7977.001 6435.808   3651.651 2015.358
   4455.547   6461.686    112.621   2330.723    -12.945  -12.681    0.019 -0.015   -0.020 -0.015    0.020     4455.547 6461.686     95.589 2228.942
   7653.278   6466.101   3328.601   2293.146    -10.672  -10.411   -0.006  0.007    0.006  0.007    0.022     7653.278 6466.101   3327.506 2009.698
   7817.432   6466.218   3493.707   2291.319    -10.569  -10.285    0.007  0.016   -0.007  0.016    0.000     7817.432 6466.218   3491.716 1997.006
   5218.173   6470.811    879.519   2313.656    -10.690  -10.421    0.016 -0.022   -0.016 -0.022    0.015     5218.173 6470.811    872.318 2159.686
   4857.961   6473.007    517.210   2315.169    -11.332  -11.053    0.006 -0.015   -0.006 -0.015    0.004     4857.961 6473.007    505.821 2185.758
   5502.423   6482.971   1165.260   2298.461    -12.752  -12.449    0.006 -0.001   -0.006 -0.001   -0.019     5502.423 6482.971   1160.783 2125.050
   6970.288   6486.921   2641.464   2279.258    -10.554  -10.342   -0.024  0.028    0.025  0.027    0.072     6970.288 6486.921   2642.010 2041.145
   4832.413   6494.358    491.315   2293.953    -11.194  -10.902    0.027 -0.007   -0.027 -0.007   -0.008     4832.413 6494.358    479.675 2166.098
   5071.830   6493.580    732.102   2292.257    -13.368  -13.085    0.017 -0.008   -0.018 -0.007    0.001     5071.830 6493.580    723.358 2148.091
   4523.014   6505.493    179.985   2285.975     -9.529   -9.264   -0.015 -0.023    0.015 -0.024    0.019     4523.014 6505.493    164.147 2179.145
   7506.145   6520.462   3180.062   2240.000    -11.075  -10.786   -0.005  0.003    0.005  0.003   -0.005     7506.145 6520.462   3179.410 1966.303
   7570.074   6531.489   3244.272   2228.244    -11.012  -10.728    0.024  0.006   -0.024  0.006   -0.000     7570.074 6531.489   3243.320 1950.318
   6163.440   6552.885   1829.365   2221.282    -10.475  -10.210    0.032  0.016   -0.032  0.016    0.019     6163.440 6552.885   1828.214 2036.703
   4996.629   6559.465    655.786   2226.806    -10.104   -9.815    0.017 -0.042   -0.017 -0.042   -0.005     4996.629 6559.465    646.323 2087.254
   6151.833   6559.435   1817.606   2214.831    -12.669  -12.377    0.014  0.001   -0.014  0.001   -0.008     6151.833 6559.435   1816.409 2030.999
   8255.170   6559.456   3932.983   2193.027    -10.499  -10.195    0.004  0.001   -0.004  0.001   -0.020     8255.170 6559.456   3927.351 1869.996
   6542.292   6567.856   2210.164   2202.254     -9.607   -9.329   -0.035  0.065    0.036  0.065    0.007     6542.292 6567.856   2210.260 1992.398
   7134.250   6591.054   2805.334   2172.853     -9.935   -9.614    0.025  0.004   -0.025  0.004   -0.037     7134.250 6591.054   2805.541 1923.714
   7460.801   6612.566   3133.528   2147.837    -10.855  -10.564    0.021  0.002   -0.021  0.002   -0.007     7460.801 6612.566   3132.768 1877.138
   6682.582   6636.782   2350.588   2131.501     -9.631   -9.294    0.009  0.042   -0.009  0.043   -0.052     6682.582 6636.782   2350.855 1912.154
   6852.469   6640.140   2521.387   2126.418    -10.065   -9.779   -0.017 -0.011    0.017 -0.011   -0.002     6852.469 6640.140   2521.737 1895.830
   6607.440   6643.540   2274.929   2125.518     -9.465   -9.153   -0.008  0.006    0.008  0.006   -0.028     6607.440 6643.540   2275.106 1911.128
   5484.498   6663.221   1145.381   2117.373    -11.303  -11.005    0.024 -0.013   -0.024 -0.013   -0.014     5484.498 6663.221   1140.049 1977.563
   7488.189   6700.053   3160.152   2059.561     -9.628   -9.331    0.008  0.005   -0.008  0.005   -0.013     7488.189 6700.053   3159.005 1787.111
   8109.769   6700.495   3785.297   2052.716     -9.338   -9.078    0.015 -0.032   -0.016 -0.032    0.024     8109.769 6700.495   3780.176 1739.623
   5038.259   6729.780    695.885   2055.038    -10.058   -9.785    0.015  0.001   -0.015  0.001    0.012     5038.259 6729.780    686.448 1944.578
   7565.166   6738.405   3237.168   2020.192    -10.246   -9.966    0.004  0.005   -0.004  0.005    0.004     7565.166 6738.405   3235.536 1742.749
   7602.865   6738.447   3275.085   2019.762    -11.256  -10.973    0.006  0.002   -0.006  0.002    0.001     7602.865 6738.447   3273.261 1739.855
   6056.600   6742.609   1719.906   2031.595    -10.245   -9.956   -0.006 -0.003    0.006 -0.004   -0.005     6056.600 6742.609   1718.461 1853.357
   7630.920   6759.836   3303.095   1997.959    -11.348  -11.049    0.022  0.003   -0.022  0.003   -0.015     7630.920 6759.836   3301.043 1716.255
   5695.005   6777.742   1355.903   2000.023    -10.309  -10.039    0.021 -0.021   -0.022 -0.021    0.014     5695.005 6777.742   1352.465 1845.602
   5938.443   6789.634   1600.601   1985.508    -13.092  -12.799    0.011  0.011   -0.011  0.011   -0.009     5938.443 6789.634   1598.642 1814.908
   7298.043   6789.981   2967.988   1971.089    -12.171  -11.877    0.012  0.002   -0.012  0.002   -0.010     7298.043 6789.981   2967.313 1711.164
   7197.236   6790.746   2866.586   1971.373    -10.375  -10.083    0.002 -0.007   -0.002 -0.007   -0.007     7197.236 6790.746   2866.213 1718.036
   5946.672   6804.367   1608.752   1970.595    -10.468  -10.195    0.039  0.021   -0.039  0.022    0.011     5946.672 6804.367   1606.857 1799.396
   8042.236   6810.001   3716.223   1943.257    -11.486  -11.174   -0.002 -0.008    0.002 -0.008   -0.028     8042.236 6810.001   3711.132 1634.917
   5480.199   6814.350   1139.487   1965.378     -9.933   -9.645    0.022  0.028   -0.022  0.029   -0.004     5480.199 6814.350   1134.549 1825.011
   7081.167   6816.533   2749.584   1946.633    -12.170  -11.892    0.002 -0.000   -0.002 -0.000    0.006     7081.167 6816.533   2749.446 1700.892
   5438.679   6838.692   1097.469   1941.351    -11.118  -10.842    0.015  0.005   -0.015  0.005    0.008     5438.679 6838.692   1092.265 1803.616
   5855.798   6839.928   1516.948   1935.798    -11.326  -11.038   -0.002 -0.004    0.002 -0.004   -0.003     5855.798 6839.928   1514.625 1770.467
   6922.696   6844.673   2589.919   1919.969     -9.782   -9.500    0.008  0.003   -0.008  0.003    0.002     6922.696 6844.673   2589.951 1684.587
   5022.830   6882.349    678.801   1901.767    -11.015  -10.727    0.031 -0.013   -0.032 -0.013   -0.005     5022.830 6882.349    669.814 1791.308
   7836.487   6882.209   3508.552   1872.755    -11.432  -11.147    0.003  0.002   -0.003  0.002   -0.002     7836.487 6882.209   3504.706 1577.991
   4760.962   6933.348    414.877   1853.165    -12.005  -11.726    0.005  0.010   -0.005  0.010    0.006     4760.962 6933.348    403.140 1759.734
   5054.579   6933.701    710.178   1849.760    -13.334  -13.053    0.011  0.018   -0.011  0.019    0.003     5054.579 6933.701    701.742 1736.906
   5262.561   6935.119    919.347   1846.149    -11.861  -11.636    0.021  0.049   -0.021  0.049    0.060     5262.561 6935.119    912.932 1719.552
   6194.636   6942.770   1856.654   1828.842    -12.354  -12.059   -0.007  0.008    0.008  0.008   -0.011     6194.636 6942.770   1855.933 1640.960
   6185.116   6944.991   1847.087   1826.675     -9.875   -9.603    0.023  0.040   -0.022  0.040    0.012     6185.116 6944.991   1846.338 1639.409
   6389.683   6948.832   2052.751   1820.703     -9.783   -9.517   -0.013  0.031    0.013  0.031    0.018     6389.683 6948.832   2052.521 1620.080
   6703.791   6997.767   2368.172   1768.263     -9.675   -9.371    0.008  0.003   -0.009  0.003   -0.020     6703.791 6997.767   2368.174 1547.141
   7341.260   7005.099   3009.221   1754.283    -11.266  -10.977    0.013  0.006   -0.013  0.006   -0.005     7341.260 7005.099   3007.803 1491.879
   8413.602   7010.014   4087.635   1738.224    -11.175  -10.875   -0.008  0.017    0.008  0.017   -0.016     8413.602 7010.014   4077.943 1406.907
   8061.221   7023.224   3733.093   1728.582     -9.710   -9.408   -0.013  0.023    0.013  0.023   -0.018     8061.221 7023.224   3726.798 1419.894
   7006.046   7027.485   2671.838   1735.246    -11.556  -11.278   -0.004  0.001    0.004  0.000    0.006     7006.046 7027.485   2671.442 1494.534
   8121.733   7029.269   3793.896   1721.891    -12.401  -12.119   -0.006  0.008    0.006  0.008    0.002     8121.733 7029.269   3787.024 1409.347
   7852.678   7054.940   3523.034   1698.880    -11.679  -11.395   -0.006 -0.014    0.006 -0.014   -0.000     7852.678 7054.940   3518.331 1403.724
   8009.358   7054.976   3680.617   1697.209     -9.856   -9.583    0.001 -0.002   -0.001 -0.002    0.011     8009.358 7054.976   3674.620 1392.001
   7860.489   7062.640   3530.846   1691.014    -10.228   -9.945    0.031  0.027   -0.030  0.027    0.001     7860.489 7062.640   3526.050 1395.387
   7400.090   7073.405   3067.660   1684.968     -9.626   -9.322   -0.007  0.014    0.007  0.014   -0.019     7400.090 7073.405   3065.765 1418.951
   7974.626   7078.840   3645.424   1673.566    -12.007  -11.740   -0.014  0.001    0.014  0.001    0.018     7974.626 7078.840   3639.618 1370.698
   8061.737   7087.742   3732.970   1663.710    -12.431  -12.165    0.014  0.000   -0.014  0.000    0.019     8061.737 7087.742   3726.353 1355.307
   8113.207   7092.367   3784.647   1658.547     -9.351   -9.093   -0.025 -0.020    0.025 -0.020    0.026     8113.207 7092.367   3777.540 1346.876
   7943.599   7095.193   3614.070   1657.446    -11.250  -10.974    0.007 -0.005   -0.007 -0.005    0.008     7943.599 7095.193   3608.456 1356.641
   8081.235   7101.789   3752.396   1649.385    -10.215   -9.916   -0.024 -0.003    0.024 -0.003   -0.014     8081.235 7101.789   3745.535 1339.809
   7976.594   7110.079   3647.092   1642.121    -12.545  -12.253   -0.002  0.006    0.002  0.006   -0.008     7976.594 7110.079   3641.122 1339.279
   6975.103   7112.201   2639.817   1650.387    -10.395  -10.113   -0.025 -0.022    0.025 -0.023    0.002     6975.103 7112.201   2639.337 1411.811
   8014.705   7112.326   3685.399   1639.480    -11.848  -11.560    0.001 -0.007   -0.001 -0.007   -0.004     8014.705 7112.326   3679.077 1334.214
   7972.807   7117.826   3643.198   1634.380    -12.834  -12.549   -0.005 -0.004    0.005 -0.004   -0.001     7972.807 7117.826   3637.226 1331.818
   7848.999   7138.592   3518.516   1614.697     -9.562   -9.288    0.045  0.074   -0.044  0.075    0.010     7848.999 7138.592   3513.490 1320.141
   5859.244   7154.878   1517.155   1619.004    -11.850  -11.567    0.008 -0.006   -0.008 -0.006    0.001     5859.244 7154.878   1515.367 1452.602
   5167.486   7157.272    821.405   1623.736    -11.469  -11.177    0.003  0.017   -0.003  0.017   -0.008     5167.486 7157.272    814.938 1502.367
   7375.126   7162.853   3041.620   1595.266    -11.492  -11.204   -0.011  0.013    0.011  0.013   -0.004     7375.126 7162.853   3039.596 1331.122
   7538.073   7177.059   3205.354   1579.299     -9.318   -9.048   -0.010  0.005    0.011  0.005    0.015     7538.073 7177.059   3202.377 1304.787
   7534.931   7202.589   3201.942   1553.655    -11.845  -11.556    0.003  0.004   -0.003  0.005   -0.005     7534.931 7202.589   3198.900 1279.445
   7872.315   7206.141   3541.222   1546.588     -9.782   -9.502    0.003  0.005   -0.003  0.005    0.004     7872.315 7206.141   3535.719 1250.885
   5334.993   7212.970    989.306   1565.995     -9.337   -9.082    0.016  0.007   -0.016  0.007    0.029     5334.993 7212.970    984.419 1433.505
   7780.032   7221.428   3448.266   1532.198     -9.670   -9.416    0.016 -0.023   -0.016 -0.023    0.030     7780.032 7221.428   3443.447 1242.443
   5451.545   7246.467   1106.163   1531.108     -9.388   -9.120    0.001 -0.003   -0.001 -0.003    0.015     5451.545 7246.467   1102.238 1390.968
   5104.614   7276.385    756.936   1504.606    -12.474  -12.187    0.002  0.002   -0.002  0.002   -0.003     5104.614 7276.385    750.359 1386.884
   4745.522   7279.936    395.747   1504.738    -13.462  -13.207    0.001  0.017   -0.001  0.017    0.030     4745.522 7279.936    385.558 1410.349
   5427.393   7293.584   1081.394   1483.957    -11.755  -11.478    0.011  0.010   -0.011  0.011    0.008     5427.393 7293.584   1077.436 1345.263
   8354.516   7294.364   4025.247   1452.883    -10.009   -9.738   -0.020 -0.013    0.020 -0.013    0.013     8354.516 7294.364   4014.510 1127.167
   6774.310   7296.427   2435.980   1467.160    -12.092  -11.800   -0.007 -0.000    0.007 -0.000   -0.008     6774.310 7296.427   2435.640 1241.837
   6070.833   7306.566   1728.367   1464.238    -11.449  -11.158   -0.007  0.010    0.007  0.010   -0.007     6070.833 7306.566   1727.578 1284.011
   8183.869   7308.662   3853.512   1440.252     -9.501   -9.253    0.017  0.005   -0.017  0.005    0.036     8183.869 7308.662   3844.585 1125.415
   8391.762   7308.655   4062.579   1438.115    -12.255  -11.968    0.001 -0.004   -0.001 -0.004   -0.003     8391.762 7308.655   4051.327 1110.150
   8407.490   7318.992   4078.291   1427.549    -10.290  -10.024    0.001  0.003   -0.001  0.003    0.018     8407.490 7318.992   4066.793 1098.669
   7940.006   7322.733   3608.092   1428.629    -12.077  -11.802    0.003  0.002   -0.003  0.002    0.009     7940.006 7322.733   3601.480 1129.305
   7676.144   7327.005   3342.667   1427.070     -9.333   -9.071   -0.003 -0.003    0.003 -0.003    0.022     7676.144 7327.005   3338.238 1144.469
   6145.232   7359.560   1802.642   1410.157     -9.364   -9.053   -0.007  0.021    0.007  0.021   -0.027     6145.232 7359.560   1802.088 1225.165
   6267.708   7368.176   1925.737   1400.249    -10.746  -10.455   -0.001 -0.005    0.001 -0.005   -0.007     6267.708 7368.176   1925.412 1207.422
   7084.683   7376.436   2747.329   1383.475    -10.518  -10.198    0.021  0.002   -0.021  0.002   -0.035     7084.683 7376.436   2746.073 1138.611
   6217.975   7395.495   1875.433   1373.285    -11.920  -11.636   -0.004 -0.001    0.004 -0.001   -0.000     6217.975 7395.495   1875.043 1183.665
   7341.334   7396.537   3005.226   1360.627     -9.382   -9.100    0.004 -0.025   -0.005 -0.025    0.002     7341.334 7396.537   3002.721 1099.578
   7323.179   7402.622   2986.911   1354.692     -9.575   -9.270    0.012 -0.021   -0.013 -0.021   -0.020     7323.179 7402.622   2984.488 1094.820
   6809.417   7404.458   2470.185   1358.146    -12.191  -11.905    0.011 -0.002   -0.011 -0.002   -0.002     6809.417 7404.458   2469.657 1130.862
   5327.361   7444.017    979.213   1333.695     -9.620   -9.326   -0.004  0.011    0.004  0.011   -0.010     5327.361 7444.017    975.011 1201.160
   7516.548   7450.327   3180.873   1304.703    -11.557  -11.264   -0.007 -0.013    0.007 -0.013   -0.009     7516.548 7450.327   3177.138 1032.850
   7642.136   7449.848   3307.183   1303.867    -10.744  -10.477   -0.010  0.004    0.010  0.004    0.017     7642.136 7449.848   3302.553 1024.107
   5888.938   7452.097   1543.931   1319.762     -9.649   -9.360    0.004  0.002   -0.004  0.003   -0.005     5888.938 7452.097   1542.745 1151.209
   5622.726   7460.806   1276.093   1313.754    -12.529  -12.246   -0.007  0.008    0.007  0.008    0.001     5622.726 7460.806   1273.747 1162.247
   5795.781   7466.117   1450.075   1306.671     -9.687   -9.389   -0.016 -0.043    0.015 -0.043   -0.014     5795.781 7466.117   1448.549 1144.081
   6658.262   7477.699   2317.394   1286.045     -9.822   -9.551    0.001  0.003   -0.001  0.003    0.013     6658.262 7477.699   2317.056 1068.567
   4532.770   7490.042    179.577   1295.645     -9.337   -9.037   -0.019  0.002    0.019  0.001   -0.016     4532.770 7490.042    168.046 1214.116
   4709.526   7493.642    357.337   1290.149     -9.723   -9.426    0.011  0.045   -0.010  0.045   -0.014     4709.526 7493.642    347.837 1197.214
   5972.176   7527.215   1626.854   1243.350     -9.595   -9.305   -0.008  0.003    0.009  0.003   -0.005     5972.176 7527.215   1626.039 1069.529
   4971.402   7562.993    620.003   1217.722    -10.975  -10.696    0.019  0.010   -0.019  0.010    0.005     4971.402 7562.993    613.391 1107.780
   7967.467   7563.953   3633.208   1185.768     -9.933   -9.657    0.004 -0.027   -0.004 -0.027    0.009     7967.467 7563.953   3625.250  886.418
   6276.529   7571.217   1932.495   1195.908     -9.445   -9.133   -0.007  0.038    0.007  0.038   -0.028     6276.529 7571.217   1932.257 1002.828
   5145.661   7576.533    795.102   1202.311    -11.784  -11.487    0.001 -0.000   -0.001 -0.000   -0.013     5145.661 7576.533    790.017 1081.210
   7708.771   7579.648   3372.861   1172.631    -11.333  -11.043   -0.002  0.003    0.002  0.003   -0.006     7708.771 7579.648   3367.199  889.550
   4992.164   7592.505    640.550   1187.837    -10.213   -9.934   -0.008 -0.001    0.008 -0.001    0.005     4992.164 7592.505    634.245 1076.510
   4903.685   7610.731    551.379   1170.423    -11.983  -11.711   -0.005 -0.001    0.005 -0.001    0.012     4903.685 7610.731    544.370 1064.706
   7882.762   7612.123   3547.517   1138.157    -10.983  -10.687    0.004  0.014   -0.004  0.014   -0.012     7882.762 7612.123   3540.165  844.469
   6389.770   7623.929   2045.836   1141.749    -12.612  -12.335   -0.009  0.009    0.009  0.009    0.007     6389.770 7623.929   2045.655  941.644
   8229.267   7629.734   3895.808   1116.892     -9.565   -9.277   -0.013 -0.021    0.013 -0.021   -0.004     8229.267 7629.734   3884.683  801.796
   5638.340   7634.234   1289.999   1139.194     -9.886   -9.586   -0.005 -0.018    0.004 -0.018   -0.016     5638.340 7634.234   1288.129  986.667
   5290.990   7648.963    940.489   1127.943    -11.080  -10.794   -0.021  0.016    0.021  0.016   -0.002     5290.990 7648.963    936.713  997.493
   8400.580   7650.397   4067.923   1094.330     -9.898   -9.608    0.022 -0.015   -0.022 -0.015   -0.006     8400.580 7650.397   4054.592  768.805
   5975.598   7658.977   1628.939   1110.792    -11.220  -10.932    0.002  0.006   -0.002  0.006   -0.004     5975.598 7658.977   1628.306  936.924
   5444.240   7693.903   1094.152   1081.172    -10.382  -10.081   -0.020  0.003    0.020  0.003   -0.017     5444.240 7693.903   1091.452  940.975
   5678.691   7708.562   1329.810   1064.004    -12.220  -11.920   -0.005 -0.000    0.005 -0.000   -0.017     5678.691 7708.562   1328.270  908.990
   4670.445   7726.848    315.603   1056.066    -11.011  -10.707    0.000 -0.012   -0.000 -0.012   -0.020     4670.445 7726.848    306.867  964.975
   7735.494   7746.218   3398.016   1004.831     -9.783   -9.501    0.006  0.000   -0.006  0.001    0.003     7735.494 7746.218   3391.468  721.329
   5074.567   7749.243    721.803   1029.346     -9.427   -9.142   -0.004 -0.000    0.004 -0.000   -0.001     5074.567 7749.243    716.845  912.567
   5068.001   7756.579    715.139   1022.028    -10.746  -10.448    0.011  0.007   -0.011  0.007   -0.014     5068.001 7756.579    710.154  905.669
   6100.701   7761.076   1753.682   1006.823     -9.726   -9.471   -0.014 -0.005    0.014 -0.005    0.029     6100.701 7761.076   1753.367  825.341
   5099.471   7762.274    746.716   1015.986    -11.482  -11.188   -0.002 -0.005    0.002 -0.005   -0.010     5099.471 7762.274    741.993  897.635
   5223.311   7771.698    871.171   1005.223     -9.889   -9.593   -0.000 -0.003    0.000 -0.003   -0.012     5223.311 7771.698    867.362  879.047
   6134.006   7775.287   1787.048    992.161    -10.549  -10.259    0.003  0.019   -0.003  0.020   -0.006     6134.006 7775.287   1786.784  808.628
   7047.585   7812.813   2705.463    944.965     -9.795   -9.536   -0.006  0.013    0.006  0.013    0.025     7047.585 7812.813   2703.448  704.607
   7582.948   7823.411   3243.793    928.760    -10.225   -9.954    0.004  0.014   -0.004  0.014    0.013     7582.948 7823.411   3238.264  655.310
   6097.881   7835.859   1750.093    931.643     -9.412   -9.142    0.007 -0.009   -0.008 -0.009    0.014     6097.881 7835.859   1749.846  750.559
   5458.628   7848.905   1107.035    925.133    -10.937  -10.634    0.001 -0.001   -0.001 -0.001   -0.019     5458.628 7848.905   1104.846  784.160
   7908.856   7862.102   3571.153    886.502     -9.956   -9.693   -0.009 -0.016    0.009 -0.017    0.021     7908.856 7862.102   3562.442  593.329
   4986.759   7877.479    632.131    901.289     -9.457   -9.138   -0.034 -0.007    0.035 -0.007   -0.034     4986.759 7877.479    626.961  789.993
   6644.178   7880.755   2299.052    880.785    -10.148   -9.854    0.007  0.038   -0.006  0.038   -0.010     6644.178 7880.755   2298.422  665.874
   7874.060   7886.260   3535.929    862.520     -9.655   -9.408    0.013  0.029   -0.013  0.029    0.037     7874.060 7886.260   3527.469  571.714
   4646.792   7892.542    290.060    889.616     -9.438   -9.151   -0.033  0.037    0.034  0.037   -0.003     4646.792 7892.542    281.920  799.747
   6345.892   7919.186   1998.655    845.262    -11.208  -10.924    0.003 -0.002   -0.003 -0.002    0.001     6345.892 7919.186   1998.489  649.064
   4701.961   7921.036    345.277    860.426    -12.199  -11.898   -0.006 -0.002    0.006 -0.002   -0.017     4701.961 7921.036    337.824  767.043
   6468.162   7922.177   2121.597    840.988     -9.975   -9.705    0.005 -0.002   -0.005 -0.002    0.014     6468.162 7922.177   2121.296  637.211
   7112.907   7921.804   2770.013    834.669    -10.044   -9.783   -0.021  0.015    0.021  0.015    0.024     7112.907 7921.804   2767.453  591.003
   6434.717   7931.232   2087.865    832.208    -10.005   -9.732    0.004  0.016   -0.003  0.017    0.011     6434.717 7931.232   2087.610  630.552
   5640.186   7977.753   1288.300    793.668    -10.779  -10.502    0.005 -0.003   -0.005 -0.003    0.008     5640.186 7977.753   1287.221  641.572
   6709.571   7978.356   2363.804    781.988    -10.607  -10.305    0.003 -0.004   -0.003 -0.004   -0.018     6709.571 7978.356   2362.906  563.587
   8439.576   7981.100   4103.678    761.320    -12.960  -12.671   -0.011 -0.012    0.011 -0.012   -0.005     8439.576 7981.100   4087.830  436.995
   4481.477   7983.110    122.892    800.285    -10.552  -10.276   -0.000 -0.009    0.000 -0.009    0.008     4481.477 7983.110    113.540  720.721
   8353.831   7982.947   4017.425    760.343    -11.631  -11.354   -0.007 -0.004    0.007 -0.004    0.007     8353.831 7982.947   4002.784  441.200
   7531.232   7986.626   3190.078    765.166    -10.719  -10.445   -0.005 -0.008    0.005 -0.008    0.010     7531.232 7986.626   3184.427  496.288
   5911.662   7998.217   1561.117    770.270    -12.568  -12.295    0.002  0.001   -0.002  0.002    0.011     5911.662 7998.217   1560.785  601.363
   7276.323   8000.500   2933.569    753.861     -9.883   -9.566   -0.000 -0.017    0.000 -0.017   -0.033     7276.323 8000.500   2929.813  500.740
   6656.246   8006.624   2309.879    754.091    -11.970  -11.682    0.002  0.015   -0.002  0.015   -0.004     6656.246 8006.624   2309.123  539.154
   7782.305   8010.622   3442.342    738.423    -11.309  -11.035   -0.003  0.001    0.003  0.001    0.010     7782.305 8010.622   3434.302  454.421
   7905.722   8014.212   3566.437    733.532    -10.645  -10.350    0.004  0.003   -0.004  0.003   -0.011     7905.722 8014.212   3557.089  442.032
   7940.306   8019.612   3601.163    727.750    -10.391  -10.120    0.005 -0.004   -0.005 -0.004    0.013     7940.306 8019.612   3591.413  434.194
   4381.463   8043.610     21.669    740.470    -12.238  -11.956   -0.008 -0.005    0.008 -0.005    0.002     4381.463 8043.610     11.601  667.107
   7114.790   8055.769   2770.529    699.917     -9.528   -9.242   -0.008  0.012    0.008  0.012   -0.002     7114.790 8055.769   2767.675  457.154
   8274.885   8055.476   3937.267    688.209    -10.395  -10.128   -0.016  0.002    0.016  0.002    0.018     8274.885 8055.476   3923.284  374.691
   6102.072   8064.530   1751.927    701.610    -10.691  -10.402   -0.000 -0.004    0.000 -0.004   -0.006     6102.072 8064.530   1751.886  521.179
   5680.621   8069.900   1328.004    700.564    -11.592  -11.300   -0.002  0.006    0.002  0.006   -0.008     5680.621 8069.900   1327.262  546.222
   8125.727   8070.447   3787.119    674.707     -9.472   -9.194    0.005 -0.009   -0.005 -0.009    0.007     8125.727 8070.447   3774.958  370.415
   7885.804   8078.254   3545.726    669.339    -11.520  -11.242   -0.010 -0.007    0.010 -0.007    0.006     7885.804 8078.254   3536.321  379.709
   5830.534   8119.273   1478.260    649.353    -10.915  -10.614   -0.006  0.007    0.006  0.007   -0.017     5830.534 8119.273   1477.961  485.933
   7291.715   8133.711   2947.654    619.734     -9.393   -9.118   -0.014 -0.026    0.014 -0.026    0.008     7291.715 8133.711   2943.442  366.803
   6759.911   8138.361   2412.764    620.538    -10.033   -9.739   -0.005 -0.000    0.005 -0.000   -0.010     6759.911 8138.361   2411.514  400.118
   7066.198   8181.462   2720.361    574.011    -10.828  -10.544   -0.002  0.006    0.002  0.006    0.000     7066.198 8181.462   2717.517  335.247
   6989.887   8182.378   2643.597    573.916     -9.413   -9.112   -0.009 -0.029    0.008 -0.029   -0.017     6989.887 8182.378   2641.191  339.802
   6815.663   8192.397   2468.280    565.598    -12.492  -12.205    0.001  0.017   -0.001  0.017   -0.003     6815.663 8192.397   2466.727  342.185
   5604.133   8205.636   1249.662    564.867     -9.449   -9.123   -0.009 -0.021    0.009 -0.021   -0.041     5604.133 8205.636   1248.983  415.736
   7466.587   8218.076   3122.665    533.054    -10.798  -10.496   -0.002 -0.007    0.002 -0.007   -0.017     7466.587 8218.076   3116.822  270.286
   6434.302   8224.495   2084.430    537.270    -10.149   -9.849    0.029  0.011   -0.029  0.011   -0.016     6434.302 8224.495   2084.143  337.361
   6113.579   8229.759   1761.779    535.300     -9.740   -9.475   -0.006  0.009    0.006  0.009    0.019     6113.579 8229.759   1761.870  355.020
   6905.792   8259.015   2558.224    497.634    -10.201   -9.933   -0.009  0.046    0.009  0.046    0.016     6905.792 8259.015   2556.144  269.274
   5831.189   8272.247   1477.312    495.548     -9.501   -9.214   -0.025 -0.047    0.024 -0.047   -0.003     5831.189 8272.247   1477.270  332.788
   6565.657   8274.734   2215.979    485.394    -12.729  -12.434   -0.008  0.000    0.008  0.000   -0.011     6565.657 8274.734   2215.310  277.857
   6594.508   8277.405   2244.974    482.401    -12.631  -12.353   -0.001  0.008    0.001  0.008    0.006     6594.508 8277.405   2244.211  273.125
   7814.474   8302.215   3471.667    444.817     -9.470   -9.180   -0.006  0.006    0.006  0.006   -0.006     7814.474 8302.215   3462.101  161.981
   4943.981   8308.915    584.671    467.835     -9.266   -9.008    0.006 -0.025   -0.006 -0.025    0.026     4943.981 8308.915    581.042  359.644
   7728.891   8323.186   3385.380    424.620     -9.834   -9.575   -0.002 -0.003    0.002 -0.003    0.025     7728.891 8323.186   3376.662  147.154
   7055.870   8346.422   2708.258    408.248     -9.953   -9.663   -0.007 -0.030    0.007 -0.031   -0.007     7055.870 8346.422   2705.157  171.589
   5730.107   8353.409   1374.846    414.931    -10.745  -10.464    0.012 -0.012   -0.013 -0.011    0.003     5730.107 8353.409   1374.781  258.759
   5614.289   8365.716   1258.213    403.742    -11.528  -11.237   -0.011 -0.001    0.011 -0.001   -0.007     5614.289 8365.716   1257.942  254.680
   7926.341   8372.094   3583.449    373.390    -13.496  -13.216   -0.006 -0.006    0.006 -0.006    0.004     7926.341 8372.094   3572.278   84.691
   6729.724   8376.708   2379.943    381.147     -9.726   -9.460    0.007 -0.012   -0.007 -0.012    0.019     6729.724 8376.708   2378.567  164.472
   6776.511   8410.740   2426.633    346.423    -11.699  -11.400   -0.005 -0.000    0.005 -0.000   -0.015     6776.511 8410.740   2425.006  127.219
   7192.979   8435.553   2845.228    317.172     -9.583   -9.289   -0.005 -0.018    0.005 -0.018   -0.011     7192.979 8435.553   2841.003   73.151
   7707.109   8437.918   3362.293    309.455     -9.709   -9.445    0.008 -0.004   -0.008 -0.004    0.020     7707.109 8437.918   3353.359   34.653
   5775.716   8441.696   1419.790    325.646    -12.379  -12.071    0.003  0.007   -0.003  0.007   -0.025     5775.716 8441.696   1419.967  167.195
   6196.334   8497.869   1842.238    264.794    -10.349  -10.055    0.005  0.008   -0.005  0.008   -0.010     6196.334 8497.869   1842.422   81.279
   5874.797   8506.390   1518.766    259.569    -10.744  -10.455    0.001 -0.008   -0.001 -0.008   -0.004     5874.797 8506.390   1519.136   95.520
   6376.235   8506.158   2023.079    254.603    -10.536  -10.242    0.001 -0.001   -0.001 -0.001   -0.010     6376.235 8506.158   2022.882   60.334
   6258.951   8562.062   1904.539    199.607     -9.932   -9.637   -0.004 -0.015    0.004 -0.015   -0.011     6258.951 8562.062   1904.629   12.841
   5815.649   8576.785   1458.554    189.379    -11.499  -11.216    0.007 -0.005   -0.007 -0.005    0.001     5815.649 8576.785   1458.998   29.377
   5314.377   8587.710    954.284    183.583    -10.766  -10.474   -0.007 -0.005    0.007 -0.005   -0.008     5314.377 8587.710    953.698   53.871
   4917.962   8612.128    555.350    163.136     -9.600   -9.311   -0.001 -0.010    0.001 -0.010   -0.005     4917.962 8612.128    552.887   57.525
   4702.252   8614.465    338.368    163.021    -13.456  -13.180   -0.012 -0.012    0.012 -0.013    0.007     4702.252 8614.465    334.458   70.499
   4591.036   8666.972    225.961    111.315     -9.703   -9.447   -0.020  0.037    0.021  0.037    0.028     4591.036 8666.972    221.467   25.722
