   7289.380   4419.871   2975.804   4346.906    -10.446  -10.433    0.000  0.007   -0.000  0.007   -0.015     7289.380 4419.871   2984.602 4066.908
   7144.663   4421.506   2830.259   4346.770    -10.025  -10.049    0.017 -0.003   -0.017 -0.003    0.021     7144.663 4421.506   2838.527 4077.449
   6564.132   4463.686   2245.904   4310.387    -11.180  -11.193   -0.046 -0.030    0.046 -0.031    0.010     6564.132 4463.686   2250.567 4083.476
   6984.439   4471.869   2668.600   4297.772     -9.644   -9.663    0.022  0.001   -0.022  0.002    0.017     6984.439 4471.869   2675.955 4039.634
   7908.091   4472.916   3597.499   4287.153     -9.792   -9.793   -0.007  0.002    0.007  0.002   -0.000     7908.091 4472.916   3606.810 3960.944
   6383.587   4477.913   2064.207   4297.927     -9.009   -9.047   -0.018 -0.010    0.018 -0.010    0.036     6383.587 4477.913   2067.339 4084.199
   6339.120   4487.472   2019.389   4288.770    -10.721  -10.709   -0.015 -0.006    0.015 -0.006   -0.013     6339.120 4487.472   2022.085 4078.199
   7937.674   4514.999   3626.821   4244.540     -9.839   -9.853   -0.001 -0.015    0.000 -0.015    0.012     7937.674 4514.999   3635.868 3915.728
   5662.493   4532.516   1338.405   4250.488     -9.331   -9.352   -0.032 -0.019    0.032 -0.020    0.019     5662.493 4532.516   1333.474 4089.442
   6158.816   4534.891   1837.568   4242.935    -11.251  -11.243   -0.008  0.005    0.008  0.005   -0.010     6158.816 4534.891   1838.469 4044.998
   8011.380   4545.841   3700.632   4212.747    -10.718  -10.717    0.002 -0.004   -0.002 -0.004   -0.003     8011.380 4545.841   3709.391 3878.236
   6232.340   4548.049   1911.388   4228.935     -9.071   -9.053    0.004  0.010   -0.004  0.010   -0.020     6232.340 4548.049   1913.006 4025.344
   5553.289   4550.815   1228.420   4233.203     -9.182   -9.182    0.002 -0.008   -0.002 -0.008   -0.003     5553.289 4550.815   1222.009 4079.979
   7038.421   4557.578   2721.981   4211.011    -11.063  -11.074    0.001  0.002   -0.001  0.002    0.009     7038.421 4557.578   2729.350 3947.782
   5746.092   4564.604   1422.182   4217.354     -9.148   -9.190   -0.000 -0.024    0.000 -0.024    0.040     5746.092 4564.604   1418.398 4049.560
   6331.546   4570.578   2010.917   4205.261     -9.857   -9.851   -0.008 -0.002    0.008 -0.002   -0.008     6331.546 4570.578   2013.444 3993.985
   7559.529   4573.798   3245.903   4189.315     -9.712   -9.704    0.000 -0.011   -0.000 -0.011   -0.010     7559.529 4573.798   3254.633 3887.620
   5234.526   4574.535    907.574   4212.650     -9.283   -9.318   -0.011 -0.010    0.011 -0.010    0.033     5234.526 4574.535    896.448 4082.763
   5840.753   4578.591   1517.249   4202.285    -10.139  -10.146    0.009 -0.003   -0.010 -0.003    0.004     5840.753 4578.591   1514.635 4027.225
   6045.325   4582.191   1722.934   4196.541    -10.131  -10.125   -0.012  0.003    0.012  0.003   -0.008     6045.325 4582.191   1722.643 4006.269
   5457.370   4585.466   1131.608   4199.348    -11.999  -12.012    0.017 -0.010   -0.017 -0.010    0.010     5457.370 4585.466   1123.886 4052.659
   6258.288   4585.930   1937.098   4190.579    -11.291  -11.265    0.010 -0.002   -0.010 -0.002   -0.028     6258.288 4585.930   1938.935 3984.487
   7142.847   4594.753   2826.615   4172.543     -9.942   -9.939   -0.004  0.000    0.004  0.000   -0.005     7142.847 4594.753   2834.269 3901.182
   4886.006   4599.309    556.804   4191.309    -10.526  -10.498   -0.010  0.023    0.010  0.023   -0.030     4886.006 4599.309    539.766 4086.989
   4977.460   4598.674    648.780   4191.018    -10.005  -10.000   -0.017  0.006    0.017  0.006   -0.008     4977.460 4598.674    633.378 4079.856
   7071.254   4602.320   2754.557   4165.681     -9.155   -9.140    0.019 -0.006   -0.020 -0.006   -0.017     7071.254 4602.320   2761.915 3899.482
   6613.704   4605.111   2294.332   4167.615    -10.435  -10.433   -0.007 -0.008    0.007 -0.009   -0.004     6613.704 4605.111   2299.083 3935.024
   5250.711   4606.257    923.517   4180.563     -9.685   -9.673   -0.017  0.005    0.017  0.004   -0.014     5250.711 4606.257    912.709 4048.887
   6566.528   4605.489   2246.874   4167.703    -12.575  -12.578   -0.015  0.011    0.015  0.011    0.002     6566.528 4605.489   2251.290 3938.580
   4836.847   4610.428    507.245   4180.640    -11.576  -11.597   -0.012  0.019    0.012  0.019    0.019     4836.847 4610.428    489.353 4079.781
   5133.182   4610.371    805.284   4177.650    -10.355  -10.377   -0.005 -0.002    0.005 -0.002    0.019     5133.182 4610.371    792.602 4054.653
   4774.921   4612.907    444.931   4178.790    -12.249  -12.248   -0.021  0.017    0.021  0.017   -0.003     4774.921 4612.907    425.908 4082.520
   5160.306   4613.395    832.546   4174.322    -11.213  -11.242    0.009  0.003   -0.009  0.003    0.026     5160.306 4613.395    820.315 4049.245
   4938.187   4618.072    609.109   4171.918    -11.892  -11.886    0.011  0.003   -0.011  0.003   -0.009     4938.187 4618.072    593.070 4063.318
   5160.831   4618.302    833.036   4169.384    -11.126  -11.134    0.022 -0.000   -0.022 -0.000    0.005     5160.831 4618.302    820.825 4044.176
   7158.052   4619.090   2841.656   4147.913    -11.259  -11.244   -0.003 -0.004    0.003 -0.004   -0.017     7158.052 4619.090   2849.280 3875.145
   6413.477   4632.358   2092.667   4142.262     -9.383   -9.411   -0.016  0.014    0.016  0.014    0.025     6413.477 4632.358   2095.846 3924.049
   7131.637   4633.883   2814.932   4133.303    -11.895  -11.905   -0.006  0.001    0.006  0.001    0.008     7131.637 4633.883   2822.413 3862.296
   5313.256   4635.480    986.145   4150.535    -11.419  -11.425    0.012 -0.007   -0.012 -0.007    0.004     5313.256 4635.480    976.357 4013.673
   5518.800   4637.647   1192.843   4146.231    -11.823  -11.812    0.012 -0.010   -0.012 -0.009   -0.013     5518.800 4637.647   1186.062 3994.051
   4512.476   4639.401    180.736   4154.848    -10.087  -10.059    0.007  0.029   -0.007  0.029   -0.030     4512.476 4639.401    156.615 4077.682
   4980.450   4640.788    651.368   4148.633    -12.887  -12.883    0.000  0.004   -0.000  0.004   -0.006     4980.450 4640.788    636.142 4036.435
   5045.504   4641.961    716.791   4146.777    -12.334  -12.335    0.010  0.006   -0.010  0.007   -0.001     5045.504 4641.961    702.727 4029.719
   5221.357   4647.102    893.595   4139.790    -12.158  -12.163    0.007  0.002   -0.007  0.002    0.002     5221.357 4647.102    882.413 4009.552
   7142.726   4648.715   2825.937   4118.274    -12.359  -12.359    0.000 -0.001   -0.000 -0.001   -0.003     7142.726 4648.715   2833.406 3846.279
   4608.637   4651.645    277.309   4141.569    -10.145  -10.142   -0.005 -0.002    0.005 -0.002   -0.005     4608.637 4651.645    255.185 4056.941
   5364.941   4652.470   1037.978   4132.919     -9.422   -9.420    0.040 -0.013   -0.041 -0.013   -0.004     5364.941 4652.470   1029.005 3991.904
   4895.133   4655.362    565.397   4134.862    -11.338  -11.336   -0.015  0.000    0.015  0.000   -0.004     4895.133 4655.362    548.702 4028.758
   5711.737   4655.536   1386.678   4126.245    -12.943  -12.963   -0.009 -0.014    0.009 -0.014    0.018     5711.737 4655.536   1382.510 3959.467
   5003.186   4660.083    674.038   4128.984    -10.457  -10.436    0.005  0.011   -0.005  0.011   -0.023     5003.186 4660.083    659.263 4014.722
   5024.951   4661.170    695.916   4127.676    -12.346  -12.353    0.004  0.001   -0.004  0.001    0.005     5024.951 4661.170    681.519 4011.771
   6080.358   4668.296   1757.291   4109.573    -12.575  -12.565    0.006  0.008   -0.006  0.008   -0.011     6080.358 4668.296   1757.327 3915.394
   4781.126   4670.253    450.603   4120.996     -9.442   -9.452    0.007  0.071   -0.006  0.072    0.008     4781.126 4670.253    431.883 4023.107
   4969.806   4671.426    640.347   4117.926    -11.440  -11.442    0.002  0.007   -0.002  0.008   -0.000     4969.806 4671.426    625.025 4005.938
   6642.549   4671.342   2322.655   4100.683    -12.867  -12.852   -0.006  0.012    0.007  0.012   -0.016     6642.549 4671.342   2327.478 3865.077
   4930.805   4673.975    601.078   4115.752    -10.402  -10.405   -0.016  0.021    0.016  0.021    0.001     4930.805 4673.975    585.078 4006.625
   4509.061   4678.836    176.874   4115.236    -10.669  -10.664   -0.011  0.016    0.012  0.016   -0.008     4509.061 4678.836    152.855 4037.506
   5128.048   4678.934    799.425   4108.739    -11.099  -11.098    0.011  0.005   -0.011  0.005   -0.003     5128.048 4678.934    786.822 3984.851
   4459.989   4680.334    127.496   4114.237    -11.785  -11.790   -0.022  0.017    0.022  0.017    0.002     4459.989 4680.334    102.484 4040.146
   4579.921   4681.133    248.110   4112.196    -11.711  -11.726   -0.017  0.012    0.017  0.012    0.013     4579.921 4681.133    225.529 4029.119
   4615.019   4680.897    283.427   4112.061    -13.138  -13.139   -0.002  0.020    0.002  0.020   -0.001     4615.019 4680.897    261.547 4026.361
   5141.377   4686.913    812.746   4100.580    -12.823  -12.836    0.008  0.001   -0.008  0.001    0.011     5141.377 4686.913    800.377 3975.558
   5088.341   4693.011    759.325   4094.995    -10.163  -10.176   -0.009  0.002    0.009  0.002    0.011     5088.341 4693.011    746.107 3973.796
   5044.245   4701.819    714.907   4086.583    -13.402  -13.398    0.012  0.011   -0.012  0.011   -0.006     5044.245 4701.819    700.982 3968.490
   6379.520   4705.628   2057.779   4068.915     -9.564   -9.559    0.006  0.021   -0.006  0.021   -0.007     6379.520 4705.628   2060.582 3852.153
   5846.639   4707.125   1521.824   4072.950    -11.678  -11.680   -0.002 -0.000    0.002 -0.000   -0.000     5846.639 4707.125   1519.309 3895.387
   7342.937   4707.068   3026.687   4057.510    -11.990  -11.992   -0.001  0.001    0.001  0.001   -0.000     7342.937 4707.068   3034.511 3770.219
   4747.706   4711.620    416.545   4079.812     -9.592   -9.580   -0.012 -0.003    0.012 -0.004   -0.014     4747.706 4711.620    397.336 3983.599
   4800.457   4713.518    469.539   4077.387     -9.204   -9.142   -0.051 -0.033    0.051 -0.034   -0.064     4800.457 4713.518    451.314 3977.210
   5501.249   4721.292   1174.314   4062.283    -12.660  -12.667    0.002 -0.006   -0.002 -0.006    0.005     5501.249 4721.292   1167.401 3909.969
   4876.981   4732.797    546.336   4057.160     -9.595   -9.588   -0.016  0.011    0.016  0.011   -0.009     4876.981 4732.797    529.562 3950.915
   4987.711   4738.130    657.669   4050.642    -11.903  -11.912    0.009  0.019   -0.009  0.019    0.006     4987.711 4738.130    642.853 3936.071
   5075.208   4738.097    745.658   4049.791    -12.219  -12.234   -0.000 -0.003    0.000 -0.003    0.013     5075.208 4738.097    732.340 3928.735
   5444.089   4737.997   1116.651   4046.069    -12.072  -12.068   -0.000 -0.001    0.000 -0.001   -0.006     5444.089 4737.997   1108.965 3897.696
   4914.513   4738.775    584.023   4050.760    -10.365  -10.353   -0.014  0.009    0.014  0.009   -0.015     4914.513 4738.775    567.934 3941.613
   5002.943   4739.004    672.966   4049.618    -12.747  -12.737   -0.004  0.006    0.004  0.006   -0.012     5002.943 4739.004    658.413 3933.902
   5053.824   4742.751    724.119   4045.306     -9.321   -9.273    0.014  0.022   -0.014  0.022   -0.050     5053.824 4742.751    710.462 3925.745
   6413.814   4742.788   2091.883   4031.216    -10.322  -10.335    0.005 -0.009   -0.006 -0.009    0.011     6413.814 4742.788   2094.917 3811.417
   4905.527   4750.509    574.863   4039.052     -9.868   -9.892   -0.015  0.010    0.015  0.010    0.022     4905.527 4750.509    558.652 3930.350
   4839.243   4751.487    508.196   4038.751    -12.675  -12.690   -0.008  0.014    0.008  0.014    0.013     4839.243 4751.487    490.802 3934.951
   5226.873   4753.774    898.039   4032.444    -12.998  -12.996    0.010  0.007   -0.010  0.007   -0.003     5226.873 4753.774    887.162 3899.888
   4445.955   4757.531    112.588   4036.764    -10.243  -10.279   -0.015 -0.005    0.015 -0.005    0.034     4445.955 4757.531     87.629 3962.123
   5099.451   4758.085    769.835   4029.437    -12.025  -12.031    0.002 -0.002   -0.002 -0.002    0.004     5099.451 4758.085    756.962 3906.225
   5428.272   4759.158   1100.531   4024.961    -11.937  -11.955    0.006 -0.012   -0.006 -0.012    0.015     5428.272 4759.158   1092.652 3877.401
   6382.784   4762.298   2060.462   4011.900    -12.649  -12.627   -0.005  0.007    0.005  0.007   -0.024     6382.784 4762.298   2063.221 3794.110
   4591.842   4774.660    259.122   4018.026    -10.726  -10.725   -0.024 -0.006    0.024 -0.006   -0.003     4591.842 4774.660    237.161 3932.185
   6031.002   4775.557   1706.543   4002.206    -13.099  -13.079    0.009  0.008   -0.009  0.008   -0.023     6031.002 4775.557   1706.052 3810.027
   4935.965   4779.460    605.160   4009.604     -9.474   -9.490   -0.030  0.026    0.030  0.025    0.014     4935.965 4779.460    589.568 3898.105
   5655.204   4778.770   1328.540   4002.886    -11.846  -11.852   -0.012 -0.010    0.012 -0.010    0.004     5655.204 4778.770   1323.716 3838.272
   5262.415   4780.044    933.502   4005.670    -10.677  -10.655    0.000 -0.009   -0.000 -0.009   -0.024     5262.415 4780.044    923.223 3870.019
   5150.660   4781.048    821.114   4005.820     -9.194   -9.239    0.016 -0.012   -0.017 -0.011    0.043     5150.660 4781.048    809.110 3878.411
   4791.265   4787.398    459.561   4003.149     -9.623   -9.637   -0.018 -0.005    0.018 -0.005    0.012     4791.265 4787.398    441.415 3902.229
   5582.283   4787.191   1255.133   3995.182    -10.523  -10.522    0.006 -0.021   -0.007 -0.021   -0.003     5582.283 4787.191   1249.380 3835.797
   5458.420   4787.751   1130.568   3995.852     -9.119   -9.132    0.020  0.028   -0.020  0.028    0.011     5458.420 4787.751   1123.151 3845.590
   4779.623   4789.814    447.835   4000.836    -11.579  -11.585   -0.011 -0.001    0.011 -0.001    0.004     4779.623 4789.814    429.484 3900.733
   5000.569   4796.026    669.963   3992.272    -10.257  -10.309   -0.027  0.028    0.028  0.027    0.051     5000.569 4796.026    655.524 3875.685
   7240.902   4796.024   2923.142   3969.097    -10.652  -10.674   -0.005  0.004    0.005  0.004    0.020     7240.902 4796.024   2930.377 3688.294
   4815.007   4801.904    483.302   3988.287     -9.573   -9.590   -0.004  0.022    0.005  0.022    0.014     4815.007 4801.904    465.639 3885.332
   4756.370   4808.902    424.255   3981.857     -9.659   -9.648   -0.005  0.021    0.006  0.021   -0.013     4756.370 4808.902    405.547 3883.119
   4774.267   4808.780    442.266   3981.799    -13.197  -13.198    0.004  0.015   -0.004  0.015   -0.001     4774.267 4808.780    423.886 3881.735
   5140.667   4810.206    810.748   3976.587    -11.868  -11.876    0.003 -0.000   -0.003 -0.000    0.006     5140.667 4810.206    798.655 3849.398
   5111.716   4810.936    781.623   3976.149    -11.579  -11.555    0.003  0.003   -0.003  0.003   -0.026     5111.716 4810.936    769.077 3851.084
   5423.075   4814.963   1094.695   3968.886    -10.450  -10.513   -0.023 -0.008    0.023 -0.008    0.061     5423.075 4814.963   1086.825 3820.789
   5250.086   4816.743    920.727   3968.891     -9.544   -9.518    0.005 -0.011   -0.006 -0.011   -0.028     5250.086 4816.743    910.332 3833.512
   4715.452   4820.855    382.983   3970.280    -11.436  -11.401   -0.002  0.000    0.002  0.000   -0.037     4715.452 4820.855    363.559 3874.353
   4853.055   4830.855    521.262   3958.782    -10.787  -10.807   -0.009  0.016    0.010  0.016    0.017     4853.055 4830.855    504.376 3852.469
   5059.184   4830.560    728.553   3956.969     -9.496   -9.510   -0.031 -0.009    0.031 -0.009    0.013     5059.184 4830.560    715.218 3835.437
   5536.184   4835.297   1208.277   3947.278     -9.150   -9.193    0.012 -0.022   -0.013 -0.022    0.041     5536.184 4835.297   1201.969 3790.508
   6538.994   4834.520   2216.812   3937.656    -13.090  -13.100   -0.010 -0.003    0.010 -0.003    0.008     6538.994 4834.520   2220.637 3707.490
   4988.742   4835.561    657.684   3952.649    -10.626  -10.606   -0.003  0.010    0.003  0.010   -0.023     4988.742 4835.561    643.153 3836.218
   5363.099   4836.335   1034.186   3947.968     -9.580   -9.558    0.008  0.036   -0.008  0.037   -0.024     5363.099 4836.335   1025.501 3803.929
   5105.547   4836.581    775.174   3950.430     -9.627   -9.682    0.024 -0.006   -0.024 -0.006    0.053     5105.547 4836.581    762.594 3825.366
   4754.664   4840.578    422.215   3950.057    -10.265  -10.317   -0.002 -0.019    0.002 -0.019    0.050     4754.664 4840.578    403.592 3850.851
   4841.275   4841.189    509.315   3948.487    -11.568  -11.577   -0.002  0.040    0.003  0.040    0.007     4841.275 4841.189    492.255 3842.854
   4899.066   4841.057    567.425   3948.037    -12.307  -12.324   -0.016  0.023    0.016  0.023    0.015     4899.066 4841.057    551.377 3838.133
   6740.562   4841.083   2419.515   3928.960     -9.200   -9.192    0.038  0.004   -0.039  0.004   -0.010     6740.562 4841.083   2424.582 3684.028
   6793.997   4841.661   2473.200   3927.833    -10.331  -10.302   -0.011 -0.003    0.011 -0.003   -0.031     6793.997 4841.661   2478.554 3679.015
   5388.750   4843.540   1059.900   3940.499    -11.419  -11.428   -0.001 -0.007    0.001 -0.007    0.007     5388.750 4843.540   1051.592 3794.453
   4846.816   4846.730    514.814   3942.878    -12.062  -12.076   -0.019  0.018    0.019  0.017    0.012     4846.816 4846.730    497.870 3836.735
   4784.611   4855.084    452.185   3935.129    -13.108  -13.119    0.000  0.008   -0.000  0.008    0.008     4784.611 4855.084    434.161 3833.435
   5183.128   4855.482    852.975   3930.621    -10.096  -10.091   -0.003 -0.010    0.003 -0.010   -0.007     5183.128 4855.482    841.639 3799.511
   4979.696   4857.418    648.346   3930.777     -9.773   -9.805   -0.017 -0.007    0.017 -0.007    0.030     4979.696 4857.418    633.723 3814.622
   5986.713   4860.294   1661.110   3917.437     -9.454   -9.442   -0.004  0.012    0.004  0.012   -0.014     5986.713 4860.294   1660.145 3727.265
   4774.262   4861.523    441.700   3928.751    -13.261  -13.278   -0.010  0.019    0.010  0.019    0.014     4774.262 4861.523    423.512 3827.704
   4930.292   4863.819    598.602   3924.835    -11.509  -11.518   -0.006  0.009    0.006  0.009    0.007     4930.292 4863.819    583.161 3812.210
   5850.842   4864.472   1524.419   3914.653    -13.047  -13.025   -0.001  0.001    0.001  0.001   -0.025     5850.842 4864.472   1521.989 3734.361
   4520.123   4866.172    186.062   3926.713    -11.070  -11.048   -0.005  0.012    0.005  0.012   -0.025     4520.123 4866.172    163.069 3844.403
   4919.940   4866.159    588.163   3922.602    -12.193  -12.205   -0.011 -0.003    0.011 -0.004    0.010     4919.940 4866.159    572.551 3810.699
   5288.943   4870.984    959.241   3913.940    -11.160  -11.171    0.002 -0.016   -0.002 -0.016    0.008     5288.943 4870.984    949.537 3774.784
   4691.549   4871.992    358.413   3919.087    -13.255  -13.255   -0.001  0.009    0.001  0.010   -0.002     4691.549 4871.992    338.732 3823.960
   8106.865   4874.748   3793.249   3880.963     -9.889   -9.910    0.000 -0.006   -0.000 -0.006    0.018     8106.865 4874.748   3799.811 3536.773
   6134.787   4875.527   1809.889   3900.599    -11.420  -11.423    0.012 -0.004   -0.012 -0.004    0.001     6134.787 4875.527   1810.361 3699.383
   4853.249   4877.021    520.981   3912.358    -10.865  -10.862   -0.007  0.006    0.007  0.006   -0.006     4853.249 4877.021    504.247 3805.183
   8210.617   4877.409   3897.576   3877.207    -12.120  -12.131    0.008 -0.000   -0.008 -0.000    0.009     8210.617 4877.409   3903.736 3525.537
   4677.131   4879.283    343.821   3911.930    -10.136  -10.130   -0.018 -0.017    0.018 -0.017   -0.008     4677.131 4879.283    323.895 3817.733
   5177.578   4878.825    847.154   3907.172    -10.601  -10.577   -0.001  0.019    0.001  0.019   -0.026     5177.578 4878.825    835.787 3776.074
   5327.921   4882.180    998.312   3902.265     -9.210   -9.190   -0.011 -0.005    0.011 -0.005   -0.022     5327.921 4882.180    989.200 3760.058
   6281.862   4887.689   1957.658   3886.838    -12.800  -12.787   -0.009  0.003    0.009  0.003   -0.015     6281.862 4887.689   1959.432 3674.735
   5233.840   4889.442    903.637   3895.934    -12.421  -12.424    0.009 -0.003   -0.009 -0.003    0.001     5233.840 4889.442    893.147 3760.521
   4664.233   4890.269    330.744   3900.992    -11.122  -11.148   -0.008  0.006    0.009  0.006    0.024     4664.233 4890.269    310.618 3807.538
   7809.523   4891.835   3494.150   3866.838    -10.387  -10.449    0.121  0.012   -0.121  0.013    0.059     7809.523 4891.835   3501.311 3543.948
   4918.527   4900.092    586.390   3888.477    -10.025  -10.003   -0.010  0.008    0.010  0.008   -0.024     4918.527 4900.092    570.852 3776.066
   5340.997   4906.355   1011.224   3877.799    -13.351  -13.353    0.001  0.012   -0.001  0.013   -0.000     5340.997 4906.355   1002.343 3734.233
   5273.956   4907.984    943.789   3876.839    -10.910  -10.916    0.007  0.027   -0.007  0.027    0.003     5273.956 4907.984    933.936 3738.172
   4764.351   4908.859    431.252   3881.246    -12.240  -12.227    0.001  0.018   -0.001  0.018   -0.015     4764.351 4908.859    413.049 3780.052
   5150.160   4910.449    819.269   3875.665    -11.707  -11.705    0.017  0.004   -0.017  0.004   -0.004     5150.160 4910.449    807.557 3746.046
   5160.252   4912.846    829.392   3873.140    -11.347  -11.346    0.015  0.015   -0.015  0.015   -0.003     5160.252 4912.846    817.840 3742.739
   5954.144   4913.898   1627.805   3863.901    -10.134  -10.170    0.003 -0.026   -0.003 -0.026    0.033     5954.144 4913.898   1626.498 3675.339
   4498.868   4914.797    164.172   3877.993    -10.629  -10.618   -0.015  0.049    0.015  0.049   -0.013     4498.868 4914.797    140.967 3796.319
   5134.626   4915.186    803.588   3871.054    -12.558  -12.570    0.009  0.012   -0.009  0.012    0.009     5134.626 4915.186    791.648 3742.495
   5075.112   4919.411    743.688   3867.416     -9.817   -9.817    0.007  0.017   -0.006  0.017   -0.002     5075.112 4919.411    730.829 3743.154
   5099.430   4924.437    768.100   3862.107    -12.799  -12.792    0.014  0.020   -0.014  0.020   -0.009     5099.430 4924.437    755.636 3735.973
   6167.002   4925.516   1841.732   3849.980     -9.534   -9.571   -0.025  0.006    0.025  0.006    0.035     6167.002 4925.516   1842.473 3645.741
   4951.961   4928.411    619.725   3859.663    -10.489  -10.479   -0.007 -0.006    0.007 -0.006   -0.013     4951.961 4928.411    604.834 3744.285
   4482.993   4928.590    148.058   3864.302    -12.247  -12.249   -0.020  0.031    0.020  0.031   -0.000     4482.993 4928.590    124.600 3783.538
   5292.779   4935.991    962.431   3848.495    -12.110  -12.097    0.010  0.009   -0.010  0.010   -0.015     5292.779 4935.991    952.908 3707.989
   5592.893   4936.969   1264.250   3844.402    -12.130  -12.138    0.006  0.011   -0.006  0.011    0.006     5592.893 4936.969   1258.784 3681.889
   5757.404   4936.734   1429.723   3842.957     -9.557   -9.585    0.024 -0.012   -0.024 -0.012    0.026     5757.404 4936.734   1426.266 3668.423
   4942.703   4937.744    610.327   3850.371    -10.989  -11.015    0.003 -0.005   -0.003 -0.005    0.024     4942.703 4937.744    595.307 3735.510
   5465.810   4941.861   1136.396   3840.805    -12.481  -12.509    0.014  0.003   -0.014  0.003    0.026     5465.810 4941.861   1129.296 3687.507
   5077.381   4942.910    745.733   3843.755    -11.995  -11.985    0.013  0.020   -0.013  0.020   -0.012     5077.381 4942.910    732.967 3718.924
   4458.359   4944.756    123.129   3848.310    -10.186  -10.168   -0.006  0.020    0.006  0.020   -0.020     4458.359 4944.756     99.255 3769.054
   5593.674   4946.649   1264.928   3834.654    -11.440  -11.455   -0.000  0.014    0.000  0.014    0.013     5593.674 4946.649   1259.483 3671.936
   4671.091   4949.361    337.022   3841.497    -12.138  -12.143   -0.015 -0.002    0.015 -0.002    0.003     4671.091 4949.361    317.264 3746.423
   4863.739   4950.002    530.770   3838.854    -10.249  -10.277   -0.011  0.002    0.011  0.002    0.025     4863.739 4950.002    514.441 3729.588
   4978.765   4954.601    646.402   3833.030     -9.611   -9.587   -0.015  0.010    0.015  0.009   -0.026     4978.765 4954.601    632.030 3715.221
   5275.050   4955.062    944.402   3829.498    -13.292  -13.290    0.008  0.008   -0.008  0.008   -0.004     5275.050 4955.062    934.658 3689.981
   4715.552   4955.484    381.684   3834.877    -11.759  -11.774   -0.005 -0.000    0.005 -0.001    0.012     4715.552 4955.484    362.764 3736.416
   5091.187   4956.493    759.483   3829.938    -10.862  -10.832    0.019  0.033   -0.019  0.034   -0.032     5091.187 4956.493    746.967 3703.864
   4845.823   4959.663    512.641   3829.305     -9.889   -9.899   -0.021  0.020    0.021  0.020    0.007     4845.823 4959.663    496.034 3721.185
   4854.799   4966.367    521.616   3822.486     -9.771   -9.774   -0.004  0.004    0.004  0.004    0.001     4854.799 4966.367    505.184 3713.586
   5019.817   4966.618    687.582   3820.520    -12.683  -12.688    0.002  0.008   -0.002  0.008    0.003     5019.817 4966.618    673.916 3699.484
   5146.387   4968.436    814.867   3817.374    -12.663  -12.658    0.012  0.014   -0.011  0.014   -0.008     5146.387 4968.436    803.232 3687.059
   5231.789   4967.848    900.760   3817.096     -9.951   -9.966    0.007 -0.000   -0.007  0.000    0.013     5231.789 4967.848    890.406 3680.540
   5010.322   4968.794    677.985   3818.437    -10.005   -9.983   -0.023  0.000    0.023  0.000   -0.025     5010.322 4968.794    664.170 3698.063
   6572.168   4969.332   2248.787   3801.715    -11.659  -11.655   -0.001  0.008    0.001  0.008   -0.006     6572.168 4969.332   2252.593 3567.499
   5011.447   4973.906    679.097   3813.301     -9.484   -9.490    0.010 -0.017   -0.010 -0.017    0.003     5011.447 4973.906    665.315 3692.754
   6000.828   4976.177   1674.077   3800.807     -9.466   -9.440   -0.030 -0.052    0.030 -0.052   -0.028     6000.828 4976.177   1673.234 3607.974
   6057.634   4979.626   1731.189   3796.753     -9.650   -9.671   -0.014 -0.054    0.014 -0.055    0.018     6057.634 4979.626   1730.897 3599.738
   4723.934   4982.515    389.829   3807.590    -12.153  -12.140   -0.009  0.014    0.010  0.014   -0.016     4723.934 4982.515    371.160 3708.016
   4892.536   4984.480    559.369   3803.884    -11.129  -11.139   -0.016 -0.003    0.016 -0.003    0.008     4892.536 4984.480    543.637 3691.893
   5215.755   4986.346    884.433   3798.642    -10.103  -10.117   -0.001  0.015    0.001  0.015    0.012     5215.755 4986.346    873.879 3662.956
   5191.128   4988.613    859.626   3796.631     -9.711   -9.722   -0.017  0.002    0.017  0.002    0.008     5191.128 4988.613    848.711 3662.710
   8027.379   4994.885   3712.061   3760.945    -11.986  -11.979   -0.001  0.008    0.001  0.008   -0.009     8027.379 4994.885   3718.165 3421.638
   5205.705   4999.164    874.181   3785.845    -10.226  -10.235   -0.012  0.025    0.013  0.025    0.008     5205.705 4999.164    863.505 3650.684
   5307.581   4998.810    976.644   3785.183     -9.767   -9.802   -0.013 -0.012    0.013 -0.012    0.033     5307.581 4998.810    967.453 3642.570
   5657.698   4998.672   1328.778   3781.682    -12.858  -12.862   -0.001  0.001    0.001  0.001    0.002     5657.698 4998.672   1324.166 3613.511
   4759.331   5004.033    425.208   3785.585    -13.018  -13.017   -0.007  0.010    0.007  0.010   -0.002     4759.331 5004.033    407.240 3683.028
   4572.797   5005.368    237.607   3786.172    -10.621  -10.629    0.007  0.012   -0.007  0.012    0.006     4572.797 5005.368    216.211 3697.323
   5352.329   5009.858   1021.552   3773.604    -11.716  -11.718    0.005 -0.008   -0.005 -0.008    0.000     5352.329 5009.858   1013.011 3627.537
   5752.650   5010.425   1424.149   3768.870    -13.148  -13.153   -0.003  0.009    0.003  0.009    0.003     5752.650 5010.425   1420.685 3593.615
   5058.026   5011.212    725.558   3775.276    -11.008  -11.030    0.013  0.006   -0.013  0.007    0.019     5058.026 5011.212    712.663 3650.702
   4697.956   5011.770    363.419   3778.468     -9.197   -9.263    0.011 -0.019   -0.011 -0.019    0.064     4697.956 5011.770    344.391 3680.271
   5368.672   5011.713   1037.968   3771.583     -9.287   -9.325    0.004 -0.022   -0.005 -0.022    0.036     5368.672 5011.713   1029.657 3624.292
   4430.798   5015.354     94.660   3777.548     -9.759   -9.768   -0.024  0.064    0.024  0.064    0.007     4430.798 5015.354     70.554 3698.964
   5108.499   5016.922    776.260   3769.010    -12.404  -12.394    0.012  0.006   -0.012  0.006   -0.013     5108.499 5016.922    764.162 3640.653
   7013.932   5017.146   2692.589   3749.063    -12.627  -12.642    0.005 -0.004   -0.005 -0.004    0.013     7013.932 5017.146   2698.397 3482.392
   4583.452   5018.322    248.210   3773.030     -9.425   -9.369    0.028  0.015   -0.028  0.016   -0.058     4583.452 5018.322    227.074 3683.151
   4902.585   5018.304    569.135   3769.744    -10.525  -10.530   -0.006  0.015    0.006  0.015    0.003     4902.585 5018.304    553.681 3656.426
   4978.428   5018.380    645.442   3768.878    -10.174  -10.180    0.024  0.019   -0.024  0.020    0.004     4978.428 5018.380    631.248 3649.990
   5317.317   5019.205    986.248   3764.554    -12.057  -12.048    0.011  0.003   -0.011  0.003   -0.011     5317.317 5019.205    977.234 3620.900
   4419.684   5021.508     83.439   3771.570     -9.371   -9.357   -0.004 -0.033    0.004 -0.033   -0.016     4419.684 5021.508     59.141 3693.687
   4430.820   5022.627     94.580   3770.322    -11.773  -11.776   -0.051 -0.024    0.051 -0.025    0.001     4430.820 5022.627     70.506 3691.602
   5105.886   5022.893    773.559   3763.029     -9.126   -9.107    0.001  0.008   -0.001  0.008   -0.021     5105.886 5022.893    761.435 3634.765
   5080.098   5023.899    747.626   3762.282    -13.255  -13.248    0.015  0.012   -0.014  0.012   -0.009     5080.098 5023.899    735.108 3635.883
   5103.338   5027.363    770.973   3758.549     -9.805   -9.832    0.024  0.020   -0.024  0.020    0.024     5103.338 5027.363    758.822 3630.394
   5043.707   5029.663    710.914   3756.892     -9.204   -9.237   -0.039 -0.018    0.039 -0.018    0.031     5043.707 5029.663    697.803 3633.031
   6948.852   5033.324   2626.955   3733.444    -10.539  -10.535   -0.008  0.018    0.009  0.019   -0.006     6948.852 5033.324   2632.488 3471.309
   5069.996   5034.700    737.353   3751.527     -9.085   -9.048    0.013  0.008   -0.013  0.008   -0.040     5069.996 5034.700    724.706 3625.686
   5116.591   5036.003    784.210   3749.728    -10.654  -10.646    0.022  0.014   -0.022  0.014   -0.010     5116.591 5036.003    772.282 3620.463
   5109.768   5041.083    777.291   3744.695    -13.104  -13.111    0.018  0.008   -0.018  0.008    0.004     5109.768 5041.083    765.272 3615.845
   5782.494   5042.721   1453.832   3736.123     -9.496   -9.510   -0.001 -0.034    0.001 -0.034    0.011     5782.494 5042.721   1450.717 3558.242
   4548.763   5044.421    213.006   3747.142    -11.415  -11.420   -0.017  0.014    0.017  0.014    0.002     4548.763 5044.421    191.315 3659.348
   4707.112   5045.859    372.266   3744.089     -9.404   -9.407    0.002 -0.020   -0.003 -0.020    0.000     4707.112 5045.859    353.522 3644.612
   7721.765   5051.737   3404.112   3706.933    -10.352  -10.353    0.003  0.006   -0.003  0.006   -0.001     7721.765 5051.737   3410.593 3389.104
   5203.908   5053.646    871.838   3731.086    -13.244  -13.252    0.016  0.007   -0.016  0.008    0.006     5203.908 5053.646    861.252 3595.166
   4515.195   5056.103    179.140   3735.733    -11.846  -11.844   -0.001  0.022    0.001  0.022   -0.004     4515.195 5056.103    156.859 3650.185
   5007.328   5055.867    674.076   3730.949     -9.134   -9.125   -0.019 -0.053    0.018 -0.054   -0.011     5007.328 5055.867    660.456 3609.313
   5464.200   5058.422   1133.560   3723.576     -9.375   -9.379    0.006  0.018   -0.006  0.018    0.002     5464.200 5058.422   1126.604 3568.597
   5451.344   5058.844   1120.626   3723.304    -10.536  -10.541    0.005 -0.001   -0.005 -0.001    0.003     5451.344 5058.844   1113.501 3569.254
   7924.355   5058.731   3607.791   3697.800    -10.831  -10.826    0.005  0.008   -0.005  0.008   -0.007     7924.355 5058.731   3613.816 3365.439
   5113.171   5060.677    780.494   3724.956    -12.117  -12.132    0.001  0.005   -0.001  0.006    0.013     5113.171 5060.677    768.574 3595.537
   5804.186   5064.867   1475.420   3713.595    -10.562  -10.566    0.001 -0.004   -0.001 -0.004    0.002     5804.186 5064.867   1472.551 3533.832
   5107.044   5067.587    774.248   3718.066     -9.374   -9.365   -0.011  0.010    0.011  0.010   -0.012     5107.044 5067.587    762.252 3588.981
   8011.259   5069.781   3695.089   3685.768    -10.586  -10.565    0.016  0.025   -0.016  0.026   -0.023     8011.259 5069.781   3700.802 3347.121
   5979.911   5073.379   1652.065   3703.209    -11.946  -11.942    0.003  0.002   -0.003  0.002   -0.006     5979.911 5073.379   1651.009 3510.591
   4854.045   5079.253    519.714   3708.939     -9.707   -9.664    0.023  0.022   -0.022  0.023   -0.045     4854.045 5079.253    503.636 3598.132
   5018.600   5080.358    685.190   3706.140    -13.333  -13.328    0.014  0.007   -0.014  0.008   -0.007     5018.600 5080.358    671.819 3583.268
   5007.264   5080.874    673.776   3705.743    -11.755  -11.759    0.006  0.002   -0.006  0.002    0.002     5007.264 5080.874    660.226 3583.693
   6668.627   5081.502   2344.637   3687.902    -11.071  -11.076    0.003  0.007   -0.003  0.008    0.002     6668.627 5081.502   2348.790 3445.444
   8380.381   5083.206   4066.155   3668.469    -10.445  -10.449   -0.013  0.001    0.014  0.001    0.002     8380.381 5083.206   4070.157 3303.454
   5205.919   5084.566    873.525   3699.970    -10.985  -10.989    0.001  0.005   -0.001  0.005    0.002     5205.919 5084.566    863.036 3563.411
   5128.509   5085.507    795.691   3699.796     -9.266   -9.253    0.030  0.033   -0.030  0.034   -0.015     5128.509 5085.507    784.063 3568.855
   4646.742   5087.429    311.094   3702.891    -12.304  -12.300   -0.022 -0.005    0.022 -0.005   -0.006     4646.742 5087.429    291.421 3607.092
   4730.019   5088.811    394.859   3700.616    -11.277  -11.302    0.003  0.018   -0.003  0.018    0.023     4730.019 5088.811    376.668 3598.711
   5464.770   5088.599   1133.824   3693.229     -9.425   -9.440    0.010  0.009   -0.010  0.009    0.014     5464.770 5088.599   1126.918 3537.759
   4985.956   5090.884    652.232   3695.899    -12.162  -12.160   -0.004  0.000    0.004  0.000   -0.003     4985.956 5090.884    638.368 3575.244
   4726.041   5093.261    390.810   3696.191    -13.318  -13.336    0.001  0.008   -0.001  0.008    0.016     4726.041 5093.261    372.565 3594.499
   5714.635   5095.159   1385.057   3684.051    -12.482  -12.482    0.016  0.002   -0.016  0.002   -0.002     5714.635 5095.159   1381.214 3510.360
   5223.486   5105.331    890.981   3678.901    -11.127  -11.133    0.005  0.008   -0.005  0.008    0.004     5223.486 5105.331    880.794 3540.735
   4962.011   5106.035    628.009   3680.913    -11.402  -11.401    0.011 -0.004   -0.011 -0.004   -0.004     4962.011 5106.035    613.801 3561.759
   4660.991   5109.465    325.203   3680.585    -13.330  -13.347   -0.015 -0.009    0.015 -0.009    0.015     4660.991 5109.465    305.872 3583.348
   5381.239   5113.219   1049.560   3669.325    -11.278  -11.283    0.010  0.016   -0.010  0.017    0.002     5381.239 5113.219   1041.593 3519.561
   4919.860   5114.104    585.510   3673.220     -9.143   -9.206   -0.011  0.009    0.011  0.009    0.061     4919.860 5114.104    570.639 3557.014
   4644.599   5115.208    308.658   3674.979     -9.557   -9.560   -0.015 -0.010    0.015 -0.010    0.000     4644.599 5115.208    289.051 3578.847
   4913.124   5115.827    578.737   3671.543     -9.816   -9.830    0.008  0.024   -0.008  0.024    0.011     4913.124 5115.827    563.760 3555.798
   4647.415   5125.120    311.384   3664.969    -11.072  -11.087   -0.018  0.004    0.018  0.003    0.013     4647.415 5125.120    291.865 3568.458
   4802.891   5125.323    467.782   3663.152    -10.258  -10.243    0.016  0.006   -0.016  0.006   -0.017     4802.891 5125.323    450.983 3555.301
   5296.330   5128.657    963.999   3654.682    -12.501  -12.497    0.004  0.013   -0.004  0.013   -0.006     5296.330 5128.657    954.897 3510.863
   5162.211   5130.649    829.091   3654.081    -11.310  -11.309    0.004 -0.001   -0.004 -0.001   -0.003     5162.211 5130.649    818.070 3519.974
   4941.867   5132.339    607.470   3654.663    -11.270  -11.263    0.005 -0.001   -0.005 -0.001   -0.009     4941.867 5132.339    593.010 3536.549
   5169.854   5133.762    836.755   3650.854    -11.303  -11.297    0.013  0.015   -0.013  0.016   -0.009     5169.854 5133.762    825.853 3516.142
   6003.800   5134.538   1675.444   3641.452     -9.863   -9.862   -0.009  0.002    0.009  0.002   -0.003     6003.800 5134.538   1674.615 3446.314
   5109.435   5136.445    775.961   3648.817     -9.123   -9.120    0.011 -0.020   -0.011 -0.020   -0.005     5109.435 5136.445    764.172 3518.455
   7973.551   5146.907   3656.346   3608.593     -9.438   -9.417   -0.003  0.022    0.003  0.022   -0.023     7973.551 5146.907   3661.729 3272.154
   5309.630   5148.011    977.179   3635.136     -9.065   -9.061    0.008 -0.044   -0.009 -0.045   -0.007     5309.630 5148.011    968.299 3490.062
   5789.186   5148.469   1459.437   3629.676     -9.593   -9.628   -0.029 -0.011    0.029 -0.011    0.033     5789.186 5148.469   1456.441 3449.866
   5382.973   5157.667   1050.843   3624.599    -12.439  -12.424    0.010  0.021   -0.010  0.022   -0.017     5382.973 5157.667   1042.976 3474.051
   5075.786   5158.856    741.868   3626.603    -11.803  -11.820   -0.007  0.003    0.007  0.003    0.014     5075.786 5158.856    729.628 3498.334
   5270.695   5158.498    937.922   3624.954     -9.180   -9.246    0.018 -0.007   -0.018 -0.006    0.065     5270.695 5158.498    928.520 3482.543
   4724.571   5161.363    388.603   3627.703    -11.701  -11.691   -0.021  0.019    0.021  0.018   -0.011     4724.571 5161.363    370.583 3524.951
   7117.960   5162.725   2795.693   3601.565    -10.550  -10.552   -0.004  0.001    0.004  0.001   -0.001     7117.960 5162.725   2801.337 3326.061
   5303.007   5164.002    970.353   3619.060    -10.159  -10.173    0.009  0.017   -0.009  0.017    0.011     5303.007 5164.002    961.412 3474.227
   5152.508   5177.218    818.854   3607.341     -9.945   -9.925    0.008  0.003   -0.008  0.004   -0.021     5152.508 5177.218    807.800 3473.213
   4695.843   5187.464    359.440   3601.768    -11.231  -11.233   -0.020  0.000    0.020 -0.000    0.000     4695.843 5187.464    341.013 3500.667
   5601.663   5188.407   1270.455   3591.434    -13.141  -13.146   -0.001  0.006    0.001  0.006    0.003     5601.663 5188.407   1265.348 3424.627
   5512.043   5196.041   1180.262   3584.688    -10.300  -10.301    0.018  0.001   -0.018  0.001   -0.001     5512.043 5196.041   1174.088 3424.249
   4691.932   5198.557    355.402   3590.632    -12.216  -12.210   -0.010  0.020    0.010  0.020   -0.008     4691.932 5198.557    336.947 3489.629
   6166.640   5200.508   1838.549   3573.373     -9.280   -9.248    0.009  0.045   -0.009  0.045   -0.034     6166.640 5200.508   1839.127 3365.677
   7292.995   5204.876   2971.324   3557.360    -10.441  -10.425    0.027  0.000   -0.027  0.001   -0.019     7292.995 5204.876   2977.107 3268.995
   7746.363   5212.364   3427.181   3545.128    -11.588  -11.561   -0.001  0.008    0.001  0.008   -0.028     7746.363 5212.364   3432.782 3224.428
   5761.828   5215.616   1431.292   3562.386     -9.069   -9.033    0.036  0.029   -0.036  0.029   -0.039     5761.828 5215.616   1428.036 3383.653
   4629.496   5218.428    292.407   3571.347     -9.697   -9.708   -0.007 -0.034    0.006 -0.034    0.009     4629.496 5218.428    272.916 3474.555
   4809.443   5227.206    473.287   3560.604    -10.625  -10.631   -0.012  0.018    0.012  0.018    0.004     4809.443 5227.206    456.951 3450.571
   5573.822   5226.718   1242.072   3553.200    -11.036  -11.018    0.015 -0.004   -0.015 -0.004   -0.020     5573.822 5226.718   1236.681 3387.875
   8204.512   5228.836   3887.796   3523.821    -10.995  -11.014    0.013  0.003   -0.013  0.003    0.017     8204.512 5228.836   3891.709 3170.531
   4707.285   5229.831    370.499   3559.000    -10.049  -10.081   -0.029  0.039    0.030  0.039    0.030     4707.285 5229.831    352.429 3456.358
   5116.861   5238.793    782.355   3545.782     -9.073   -9.010   -0.002  0.002    0.002  0.002   -0.065     5116.861 5238.793    770.928 3413.290
   4886.118   5239.993    550.311   3546.970    -11.083  -11.103    0.031 -0.004   -0.031 -0.003    0.018     4886.118 5239.993    535.273 3431.161
   6517.532   5240.291   2191.019   3529.804     -9.298   -9.300   -0.009 -0.031    0.009 -0.032   -0.000     6517.532 5240.291   2194.032 3296.506
   5180.671   5242.217    846.511   3541.655    -10.322  -10.330    0.015  0.025   -0.014  0.025    0.005     5180.671 5242.217    836.010 3404.502
   4869.461   5243.600    533.484   3543.497    -11.618  -11.624   -0.007  0.014    0.007  0.014    0.004     4869.461 5243.600    518.187 3428.841
   5057.683   5250.266    722.725   3534.852    -13.054  -13.070    0.004  0.006   -0.004  0.006    0.014     5057.683 5250.266    710.454 3406.458
   6988.162   5251.152   2664.247   3514.002    -11.034  -11.011    0.008 -0.026   -0.008 -0.026   -0.026     6988.162 5251.152   2669.267 3247.001
   5871.321   5257.679   1540.903   3518.969     -9.578   -9.564   -0.035  0.008    0.036  0.008   -0.016     5871.321 5257.679   1538.783 3331.819
   5717.450   5259.255   1386.157   3519.004    -10.037  -10.043   -0.013 -0.019    0.013 -0.019    0.003     5717.450 5259.255   1382.454 3342.899
   4545.379   5266.819    207.297   3523.505    -11.899  -11.908   -0.016  0.010    0.016  0.010    0.007     4545.379 5266.819    186.481 3431.999
   5618.512   5268.086   1286.578   3511.130    -12.420  -12.413    0.003 -0.002   -0.003 -0.002   -0.009     5618.512 5268.086   1281.750 3342.029
   5141.992   5270.058    807.325   3514.076    -11.764  -11.781    0.017  0.004   -0.017  0.004    0.015     5141.992 5270.058    796.337 3379.296
   6388.091   5273.647   2060.470   3497.553     -9.271   -9.295   -0.030  0.013    0.030  0.013    0.022     6388.091 5273.647   2062.631 3273.170
   7896.651   5274.430   3577.693   3481.147    -11.168  -11.169    0.006  0.009   -0.006  0.009   -0.001     7896.651 5274.430   3582.552 3149.423
   4864.846   5275.444    528.540   3511.533    -13.207  -13.229    0.021 -0.001   -0.021 -0.001    0.021     4864.846 5275.444    513.275 3396.702
   4556.848   5276.795    218.726   3513.362    -12.397  -12.394   -0.018  0.001    0.018  0.001   -0.005     4556.848 5276.795    198.162 3420.853
   5393.982   5279.364   1060.636   3502.117    -12.416  -12.412   -0.007 -0.007    0.007 -0.007   -0.006     5393.982 5279.364   1053.106 3349.030
   5083.607   5281.621    748.471   3503.047    -12.434  -12.438    0.004  0.008   -0.004  0.008    0.002     5083.607 5281.621    736.667 3372.300
   6347.758   5294.293   2019.736   3477.260     -9.208   -9.255    0.013 -0.042   -0.013 -0.042    0.045     6347.758 5294.293   2021.579 3255.530
   4496.977   5296.951    158.314   3493.696     -9.042   -9.081   -0.007  0.016    0.007  0.016    0.037     4496.977 5296.951    136.726 3405.207
   5689.639   5296.653   1357.818   3481.688     -9.873   -9.883    0.005 -0.027   -0.006 -0.028    0.008     5689.639 5296.653   1353.812 3307.099
   4692.582   5306.914    354.942   3481.633     -9.696   -9.691   -0.000  0.032    0.001  0.032   -0.008     4692.582 5306.914    336.902 3378.787
   5434.477   5310.001   1101.046   3470.867    -12.178  -12.201   -0.005  0.011    0.005  0.011    0.021     5434.477 5310.001   1094.079 3314.436
   4672.299   5311.930    334.484   3476.828    -13.174  -13.165   -0.007  0.003    0.007  0.003   -0.011     4672.299 5311.930    316.112 3375.376
   5335.917   5314.920   1001.863   3466.965     -9.773   -9.778   -0.013 -0.013    0.013 -0.014    0.002     5335.917 5314.920    993.637 3317.560
   5558.306   5322.161   1225.467   3457.364    -10.441  -10.428    0.004  0.002   -0.004  0.002   -0.016     5558.306 5322.161   1220.000 3291.869
   7583.780   5325.634   3262.492   3432.894    -11.245  -11.232   -0.001  0.004    0.002  0.005   -0.016     7583.780 5325.634   3267.744 3123.014
   6200.065   5329.120   1870.830   3443.710     -9.315   -9.322    0.006  0.011   -0.006  0.012    0.005     6200.065 5329.120   1871.587 3232.154
   4641.269   5350.240    302.877   3438.620    -10.441  -10.428   -0.009  0.003    0.009  0.003   -0.015     4641.269 5350.240    284.113 3338.789
   4626.726   5353.770    288.218   3435.228    -12.075  -12.081   -0.006 -0.005    0.006 -0.005    0.003     4626.726 5353.770    269.213 3336.389
   5074.606   5357.123    738.633   3427.221    -11.036  -11.035    0.001 -0.008   -0.001 -0.008   -0.002     5074.606 5357.123    726.881 3296.005
   8375.695   5357.086   4058.631   3393.077    -11.188  -11.176    0.016 -0.012   -0.016 -0.011   -0.014     8375.695 5357.086   4060.747 3027.223
   4513.179   5359.485    173.960   3430.640    -11.735  -11.729   -0.007  0.010    0.007  0.010   -0.008     4513.179 5359.485    152.941 3339.920
   4595.328   5363.980    256.523   3425.287    -12.555  -12.571   -0.017 -0.008    0.017 -0.008    0.014     4595.328 5363.980    237.005 3328.550
   8336.690   5364.472   4019.334   3386.043     -9.521   -9.549    0.024 -0.004   -0.024 -0.003    0.026     8336.690 5364.472   4021.641 3022.899
   5480.412   5380.262   1146.533   3399.727    -11.807  -11.784    0.012  0.010   -0.012  0.010   -0.025     5480.412 5380.262   1140.222 3239.047
   4700.302   5389.346    361.842   3398.674    -12.396  -12.392   -0.010  0.006    0.010  0.006   -0.006     4700.302 5389.346    344.244 3293.944
   5779.714   5402.608   1447.294   3374.191    -10.559  -10.562   -0.011 -0.027    0.010 -0.028    0.000     5779.714 5402.608   1444.340 3191.820
   5824.572   5416.472   1492.270   3359.753    -10.563  -10.568   -0.005  0.002    0.005  0.002    0.004     5824.572 5416.472   1489.755 3174.033
   5664.209   5417.864   1330.970   3360.041     -9.743   -9.738   -0.010 -0.024    0.010 -0.024   -0.007     5664.209 5417.864   1326.793 3185.761
   5020.736   5433.199    683.657   3351.266    -12.320  -12.325   -0.008 -0.008    0.008 -0.008    0.002     5020.736 5433.199    671.278 3222.797
   5405.061   5436.790   1070.164   3343.700     -9.165   -9.185    0.012 -0.035   -0.012 -0.035    0.018     5405.061 5436.790   1063.019 3187.701
   8374.085   5440.420   4056.139   3309.261    -12.677  -12.672    0.007  0.007   -0.007  0.007   -0.007     8374.085 5440.420   4057.695 2943.233
   5210.387   5450.707    874.226   3331.702    -12.475  -12.493    0.006 -0.018   -0.007 -0.018    0.016     5210.387 5450.707    864.582 3189.418
   6508.143   5461.393   2179.348   3307.529     -9.184   -9.175    0.055 -0.031   -0.056 -0.031   -0.011     6508.143 5461.393   2181.919 3072.766
   5734.194   5479.774   1400.731   3297.037     -9.691   -9.694    0.007 -0.010   -0.008 -0.010    0.001     5734.194 5479.774   1397.361 3117.008
   5131.620   5485.259    794.660   3297.755    -10.888  -10.912    0.016 -0.005   -0.016 -0.005    0.022     5131.620 5485.259    784.017 3160.663
   5269.281   5508.519    932.867   3272.941    -13.301  -13.315    0.016 -0.011   -0.017 -0.011    0.012     5269.281 5508.519    924.125 3125.708
   5109.618   5522.028    772.130   3261.031     -9.608   -9.571   -0.003 -0.034    0.003 -0.034   -0.039     5109.618 5522.028    761.275 3125.010
   5448.507   5525.963   1112.920   3253.568     -9.015   -9.045   -0.003 -0.038    0.002 -0.038    0.028     5448.507 5525.963   1106.436 3093.330
   4640.706   5536.457    300.373   3251.357    -11.574  -11.578   -0.015 -0.016    0.015 -0.016    0.002     4640.706 5536.457    282.309 3148.686
   6800.774   5538.431   2472.730   3227.000     -9.061   -9.097   -0.069 -0.013    0.069 -0.013    0.034     6800.774 5538.431   2476.385 2970.952
   6343.552   5553.341   2012.811   3216.738    -10.436  -10.455    0.005 -0.011   -0.005 -0.011    0.017     6343.552 5553.341   2014.334 2992.770
   5690.014   5571.441   1355.326   3205.299     -9.636   -9.698   -0.013 -0.009    0.013 -0.009    0.060     5690.014 5571.441   1351.543 3027.361
   6635.733   5573.668   2306.439   3193.256    -10.546  -10.571   -0.009  0.001    0.009  0.001    0.023     6635.733 5573.668   2309.409 2948.542
   5703.068   5581.426   1368.366   3195.120    -12.993  -12.973    0.002 -0.007   -0.002 -0.007   -0.022     5703.068 5581.426   1364.724 3016.141
   7723.014   5585.638   3399.810   3169.977     -9.347   -9.322   -0.018 -0.017    0.018 -0.018   -0.028     7723.014 5585.638   3403.542 2848.921
   7949.954   5590.423   3628.027   3162.814     -9.528   -9.517    0.010 -0.019   -0.010 -0.019   -0.013     7949.954 5590.423   3630.933 2825.915
   8130.271   5592.082   3809.331   3159.298     -9.260   -9.244   -0.018 -0.038    0.017 -0.038   -0.018     8130.271 5592.082   3811.350 2809.832
   5779.089   5597.768   1444.664   3177.916    -10.363  -10.389    0.013 -0.027   -0.013 -0.027    0.023     5779.089 5597.768   1441.808 2993.376
   4681.612   5619.004    340.670   3167.896     -9.256   -9.241   -0.002  0.000    0.002  0.000   -0.017     4681.612 5619.004    323.611 3061.079
   4723.806   5625.447    383.023   3160.987     -9.049   -9.069   -0.018 -0.007    0.018 -0.007    0.019     4723.806 5625.447    366.678 3051.064
   4625.564   5640.193    284.080   3147.169    -12.264  -12.264   -0.004 -0.002    0.004 -0.002   -0.002     4625.564 5640.193    266.175 3044.052
   4698.520   5645.266    357.400   3141.305    -13.320  -13.326   -0.005  0.004    0.005  0.004    0.004     4698.520 5645.266    340.719 3032.905
   6066.244   5644.771   1732.971   3127.643    -11.003  -11.016    0.009 -0.001   -0.009 -0.001    0.010     6066.244 5644.771   1732.568 2922.356
   6754.663   5644.465   2425.319   3120.831    -10.244  -10.253   -0.005 -0.009    0.004 -0.009    0.007     6754.663 5644.465   2428.567 2867.226
   7195.297   5656.869   2868.365   3103.782     -9.189   -9.193    0.013  0.001   -0.014  0.001    0.002     7195.297 5656.869   2872.402 2819.263
   5358.868   5658.119   1021.382   3121.537     -9.511   -9.523   -0.017  0.007    0.017  0.006    0.010     5358.868 5658.119   1014.050 2966.065
   5631.124   5665.604   1295.134   3111.208     -9.808   -9.835   -0.002 -0.011    0.002 -0.011    0.024     5631.124 5665.604   1290.839 2936.392
   7046.144   5669.779   2718.219   3092.365     -9.320   -9.326    0.009 -0.021   -0.009 -0.021    0.003     7046.144 5669.779   2722.062 2818.195
   5993.609   5682.767   1659.523   3090.238     -9.545   -9.549    0.005 -0.057   -0.006 -0.057    0.002     5993.609 5682.767   1658.548 2889.696
   6054.092   5695.849   1720.216   3076.407    -11.276  -11.287    0.005 -0.010   -0.005 -0.010    0.008     6054.092 5695.849   1719.705 2871.492
   7387.342   5707.888   3060.977   3050.465    -11.178  -11.177    0.011  0.017   -0.011  0.017   -0.003     7387.342 5707.888   3064.763 2752.281
   6318.159   5710.027   1985.659   3059.403    -11.881  -11.867    0.016  0.000   -0.016  0.000   -0.016     6318.159 5710.027   1986.861 2835.850
   7789.087   5713.880   3464.973   3040.286    -10.783  -10.784    0.024  0.009   -0.024  0.010   -0.001     7789.087 5713.880   3467.830 2714.142
   8174.532   5727.080   3852.465   3023.010    -12.101  -12.089    0.002  0.018   -0.002  0.018   -0.014     8174.532 5727.080   3853.405 2670.142
   7924.184   5733.263   3600.621   3019.394    -10.384  -10.364    0.003  0.008   -0.003  0.008   -0.022     7924.184 5733.263   3602.836 2683.832
   8394.053   5740.143   4073.136   3007.610    -11.053  -11.062    0.031  0.007   -0.031  0.007    0.007     8394.053 5740.143   4072.508 2639.551
   4439.805   5747.982     96.140   3040.704    -10.580  -10.579   -0.004 -0.022    0.003 -0.023   -0.004     4439.805 5747.982     75.509 2949.271
   7056.206   5749.116   2727.486   3012.439     -9.233   -9.182   -0.021  0.008    0.021  0.008   -0.053     7056.206 5749.116   2731.127 2737.100
   6231.520   5749.773   1898.104   3020.327    -12.574  -12.572    0.010 -0.001   -0.010 -0.001   -0.004     6231.520 5749.773   1898.756 2802.508
   5699.918   5752.190   1363.443   3023.396    -11.907  -11.893    0.018  0.004   -0.018  0.004   -0.016     5699.918 5752.190   1359.901 2842.832
   4885.476   5762.001    544.222   3021.974    -11.043  -11.048    0.002 -0.008   -0.002 -0.008    0.003     4885.476 5762.001    530.817 2898.719
   6107.560   5765.205   1773.274   3006.098    -10.685  -10.698    0.010 -0.009   -0.010 -0.009    0.011     6107.560 5765.205   1773.120 2796.812
   8067.551   5768.734   3744.463   2982.247     -9.260   -9.286    0.025 -0.004   -0.026 -0.004    0.024     8067.551 5768.734   3745.767 2636.683
   6191.064   5770.414   1857.152   2999.990    -11.314  -11.332   -0.040 -0.005    0.040 -0.005    0.015     6191.064 5770.414   1857.539 2784.829
   5631.777   5772.476   1294.683   3003.722    -10.875  -10.900   -0.001 -0.018    0.000 -0.018    0.022     5631.777 5772.476   1290.494 2827.734
   4451.963   5772.829    108.104   3015.566    -10.761  -10.784   -0.009 -0.000    0.009 -0.001    0.021     4451.963 5772.829     87.803 2922.909
   5700.985   5794.228   1364.069   2981.108    -13.233  -13.236    0.008  0.002   -0.008  0.002    0.001     5700.985 5794.228   1360.567 2800.053
   5761.075   5816.662   1424.261   2957.936    -11.430  -11.424   -0.003 -0.011    0.002 -0.011   -0.009     5761.075 5816.662   1421.362 2772.433
   5934.706   5820.725   1598.841   2952.045     -9.701   -9.694   -0.004 -0.005    0.004 -0.005   -0.009     5934.706 5820.725   1597.400 2754.358
   6031.733   5823.892   1696.405   2947.858    -13.479  -13.475    0.010 -0.008   -0.010 -0.008   -0.006     6031.733 5823.892   1695.695 2743.365
   5662.970   5830.187   1325.453   2945.338    -12.248  -12.258   -0.003 -0.000    0.003 -0.000    0.008     5662.970 5830.187   1321.620 2766.589
   5732.205   5833.251   1395.048   2941.547     -9.503   -9.508   -0.009 -0.007    0.009 -0.008    0.003     5732.205 5833.251   1391.898 2757.906
   5644.788   5849.927   1306.972   2925.673    -12.133  -12.131    0.006 -0.001   -0.006 -0.001   -0.004     5644.788 5849.927   1302.984 2748.001
   5697.749   5850.793   1360.217   2924.256    -12.770  -12.764   -0.004 -0.003    0.004 -0.003   -0.008     5697.749 5850.793   1356.732 2742.871
   5739.423   5851.581   1402.127   2923.085     -9.195   -9.179    0.001 -0.056   -0.001 -0.057   -0.018     5739.423 5851.581   1399.054 2738.764
   5750.109   5855.887   1412.833   2918.581    -10.812  -10.797    0.006  0.007   -0.006  0.007   -0.017     5750.109 5855.887   1409.858 2733.471
   7028.198   5858.750   2698.214   2902.486    -11.756  -11.778    0.012 -0.013   -0.012 -0.013    0.020     7028.198 5858.750   2701.443 2628.527
   6624.436   5864.929   2292.064   2900.453     -9.894   -9.914   -0.001 -0.013    0.001 -0.013    0.018     6624.436 5864.929   2294.431 2654.433
   5819.804   5868.045   1482.794   2905.650    -13.394  -13.374   -0.002 -0.011    0.001 -0.011   -0.022     5819.804 5868.045   1480.428 2715.563
   4665.734   5878.048    322.027   2907.518    -12.792  -12.804    0.010  0.010   -0.010  0.010    0.009     4665.734 5878.048    305.723 2798.300
   7010.620   5879.074   2680.310   2882.222     -9.094   -9.113   -0.003 -0.008    0.003 -0.008    0.016     7010.620 5879.074   2683.460 2609.380
   8262.341   5892.280   3939.062   2855.980    -11.748  -11.762    0.000 -0.010   -0.000 -0.010    0.012     8262.341 5892.280   3938.377 2496.832
   5721.180   5896.998   1383.312   2877.541    -10.998  -11.000    0.005 -0.001   -0.005 -0.001   -0.000     5721.180 5896.998   1380.105 2694.066
   4943.248   5898.658    600.945   2883.961     -9.436   -9.439    0.039 -0.034   -0.040 -0.034    0.001     4943.248 5898.658    588.789 2754.950
   8027.659   5899.967   3702.956   2850.654     -9.956   -9.964    0.001  0.015   -0.000  0.015    0.006     8027.659 5899.967   3703.699 2507.603
   5527.978   5902.379   1188.948   2874.137    -11.127  -11.114    0.004 -0.007   -0.005 -0.007   -0.015     5527.978 5902.379   1183.862 2704.122
   6718.655   5903.966   2386.397   2860.189    -10.384  -10.389   -0.021  0.013    0.022  0.013    0.003     6718.655 5903.966   2388.965 2607.410
   7544.454   5907.858   3216.895   2847.740    -11.669  -11.677   -0.009 -0.002    0.009 -0.003    0.006     7544.454 5907.858   3219.551 2537.933
   4480.675   5912.109    135.521   2875.216    -10.346  -10.362   -0.024 -0.028    0.024 -0.028    0.014     4480.675 5912.109    116.346 2778.605
   5684.589   5912.940   1346.372   2861.937     -9.678   -9.697    0.031 -0.051   -0.031 -0.051    0.017     5684.589 5912.940   1342.822 2680.877
   5691.187   5917.150   1352.932   2857.628     -9.863   -9.887   -0.001 -0.045    0.001 -0.045    0.021     5691.187 5917.150   1349.446 2676.070
   6670.738   5926.977   2337.956   2837.611     -9.457   -9.399   -0.033 -0.054    0.033 -0.055   -0.060     6670.738 5926.977   2340.341 2588.016
   4940.275   5950.620    597.377   2831.710    -10.277  -10.269    0.001 -0.013   -0.001 -0.013   -0.010     4940.275 5950.620    585.342 2702.302
   7582.303   5951.405   3254.562   2803.560     -9.242   -9.264    0.044 -0.013   -0.044 -0.013    0.020     7582.303 5951.405   3256.916 2491.023
   7040.604   5994.989   2709.256   2765.330    -11.622  -11.613   -0.010 -0.007    0.010 -0.007   -0.011     7040.604 5994.989   2712.073 2489.902
   5341.627   6006.550   1000.459   2771.296    -11.730  -11.763    0.014 -0.007   -0.014 -0.007    0.030     5341.627 6006.550    993.562 2613.264
   6366.610   6035.622   2031.005   2731.447    -12.960  -12.933    0.012 -0.011   -0.012 -0.011   -0.029     6366.610 6035.622   2032.095 2502.157
   8402.548   6038.374   4078.508   2707.628     -9.675   -9.676   -0.047 -0.042    0.047 -0.043   -0.002     8402.548 6038.374   4075.807 2338.920
   5973.014   6047.183   1635.039   2723.942     -9.364   -9.357    0.014 -0.057   -0.015 -0.057   -0.009     5973.014 6047.183   1633.893 2521.729
   6181.405   6086.720   1844.211   2681.978     -9.998   -9.975    0.012 -0.015   -0.012 -0.015   -0.026     6181.405 6086.720   1844.334 2465.119
   7328.226   6089.473   2997.550   2667.316    -13.051  -13.042   -0.004  0.002    0.004  0.002   -0.011     7328.226 6089.473   2999.895 2371.839
   4555.154   6092.053    208.611   2693.435     -9.083   -9.111    0.027  0.004   -0.027  0.004    0.025     4555.154 6092.053    191.422 2589.300
   7859.930   6093.089   3532.255   2658.182    -10.132  -10.134   -0.009 -0.007    0.009 -0.007   -0.000     7859.930 6093.089   3532.794 2326.393
   4839.855   6093.553    494.902   2689.003    -10.400  -10.401    0.002 -0.020   -0.003 -0.021   -0.002     4839.855 6093.553    481.937 2564.998
   5067.245   6099.530    723.546   2680.618    -13.150  -13.152    0.018 -0.002   -0.018 -0.002   -0.000     5067.245 6099.530    713.652 2540.737
   7364.906   6102.981   3034.295   2653.361    -11.979  -12.009   -0.009 -0.009    0.009 -0.009    0.028     7364.906 6102.981   3036.519 2355.343
   6719.325   6113.171   2384.903   2649.786    -10.215  -10.191   -0.019  0.003    0.019  0.003   -0.026     6719.325 6113.171   2387.016 2395.882
   6017.843   6124.017   1679.315   2646.161    -10.517  -10.540    0.001 -0.016   -0.001 -0.016    0.021     6017.843 6124.017   1678.464 2440.314
   8261.758   6124.410   3936.063   2622.488     -9.164   -9.144   -0.003  0.025    0.003  0.025   -0.022     8261.758 6124.410   3933.867 2263.381
   7109.429   6127.285   2777.128   2631.553    -10.018  -10.043    0.015  0.001   -0.015  0.001    0.022     7109.429 6127.285   2779.560 2350.914
   8048.867   6187.181   3721.296   2561.635     -9.221   -9.217   -0.010 -0.050    0.010 -0.050   -0.007     8048.867 6187.181   3720.224 2216.998
   6792.369   6188.599   2457.589   2573.224     -9.669   -9.667   -0.013 -0.052    0.012 -0.053   -0.004     6792.369 6188.599   2459.659 2314.024
   4632.594   6193.916    285.491   2590.244     -9.312   -9.291    0.079 -0.055   -0.081 -0.055   -0.022     4632.594 6193.916    269.924 2479.544
   7676.561   6193.824   3346.803   2558.749     -9.886   -9.903    0.003  0.011   -0.003  0.011    0.015     7676.561 6193.824   3347.666 2239.363
   7961.868   6219.631   3633.466   2529.852    -11.572  -11.576   -0.007 -0.002    0.007 -0.002    0.002     7961.868 6219.631   3632.752 2191.114
   6628.479   6223.733   2292.408   2539.561    -10.034  -10.033   -0.002 -0.028    0.002 -0.028   -0.004     6628.479 6223.733   2294.097 2291.375
   7653.810   6244.563   3323.382   2507.985    -11.077  -11.077   -0.010 -0.019    0.010 -0.020   -0.002     7653.810 6244.563   3324.099 2190.104
   6080.103   6250.129   1740.622   2518.687     -9.392   -9.368    0.001 -0.023   -0.001 -0.023   -0.027     6080.103 6250.129   1740.121 2307.763
   5383.282   6256.849   1039.747   2519.129    -13.053  -13.049    0.005 -0.008   -0.005 -0.008   -0.007     5383.282 6256.849   1033.745 2355.982
   6530.684   6283.385   2193.423   2480.615    -10.061  -10.073   -0.013 -0.064    0.013 -0.064    0.009     6530.684 6283.385   2194.763 2238.832
   7480.904   6296.088   3148.959   2457.931     -9.242   -9.240   -0.004  0.003    0.004  0.003   -0.004     7480.904 6296.088   3150.085 2151.714
   5948.436   6325.015   1607.446   2444.726    -12.552  -12.552    0.022 -0.015   -0.022 -0.015   -0.003     5948.436 6325.015   1606.162 2242.371
   4417.615   6333.999     67.762   2451.564    -10.149  -10.144    0.013 -0.036   -0.013 -0.037   -0.007     4417.615 6333.999     49.482 2354.176
   7098.872   6340.935   2764.296   2416.782    -11.144  -11.140    0.017  0.005   -0.017  0.005   -0.006     7098.872 6340.935   2766.046 2136.333
   4804.968   6347.814    457.187   2433.610    -11.238  -11.251    0.013  0.012   -0.013  0.012    0.011     4804.968 6347.814    444.626 2309.418
   4743.848   6364.923    395.528   2417.087    -10.615  -10.620    0.000 -0.039   -0.001 -0.039    0.002     4743.848 6364.923    382.197 2296.935
   6828.823   6401.141   2492.027   2359.068    -10.322  -10.324   -0.032 -0.036    0.032 -0.037   -0.000     6828.823 6401.141   2493.621 2096.726
   4803.744   6412.042    455.259   2369.076     -9.851   -9.834   -0.019 -0.038    0.018 -0.038   -0.019     4803.744 6412.042    442.896 2244.375
   7785.816   6425.441   3454.261   2324.688    -10.312  -10.304   -0.017 -0.007    0.017 -0.007   -0.010     7785.816 6425.441   3452.627 2032.981
   4899.003   6429.644    550.907   2350.357    -11.711  -11.701    0.007 -0.008   -0.007 -0.008   -0.011     4899.003 6429.644    539.817 2218.991
   7977.001   6435.808   3646.442   2312.274    -11.637  -11.634   -0.008  0.001    0.008  0.001   -0.005     7977.001 6435.808   3643.610 2007.901
   5543.316   6438.825   1198.831   2334.451     -9.035   -9.042    0.025 -0.008   -0.026 -0.008    0.005     5543.316 6438.825   1194.587 2159.025
   6253.586   6443.368   1913.093   2322.613     -9.036   -9.052   -0.001 -0.094   -0.000 -0.095    0.014     6253.586 6443.368   1913.339 2098.928
   7567.731   6444.295   3234.757   2307.981    -11.752  -11.752    0.007 -0.004   -0.008 -0.004   -0.003     7567.731 6444.295   3234.116 2030.748
   7943.195   6451.437   3612.287   2296.875     -9.694   -9.731   -0.000  0.030    0.001  0.030    0.035     7943.195 6451.437   3609.602 1994.756
   4455.547   6461.686    104.607   2322.729    -12.945  -12.995    0.034 -0.015   -0.034 -0.015    0.047     4455.547 6461.686     87.490 2221.410
   7817.432   6466.218   3485.647   2283.350    -10.569  -10.577   -0.005 -0.007    0.005 -0.007    0.005     7817.432 6466.218   3483.669 1989.567
   5218.173   6470.811    871.500   2305.664    -10.690  -10.712    0.030 -0.024   -0.031 -0.024    0.019     5218.173 6470.811    864.234 2152.173
   4857.961   6473.007    509.205   2307.150    -11.332  -11.324    0.033  0.011   -0.033  0.011   -0.011     4857.961 6473.007    497.744 2178.206
   5502.423   6482.971   1157.221   2290.471    -12.752  -12.772    0.001 -0.004   -0.002 -0.004    0.018     5502.423 6482.971   1152.687 2117.547
   6970.288   6486.921   2633.445   2271.305    -10.554  -10.562   -0.001 -0.012    0.000 -0.012    0.006     6970.288 6486.921   2633.981 2033.700
   4832.413   6494.358    483.259   2285.957    -11.194  -11.210    0.002 -0.004   -0.002 -0.004    0.013     4832.413 6494.358    471.545 2158.573
   5071.830   6493.580    724.078   2284.263    -13.368  -13.390    0.026 -0.008   -0.026 -0.008    0.019     5071.830 6493.580    715.265 2140.575
   4523.014   6505.493    171.986   2277.967     -9.529   -9.493    0.015 -0.009   -0.015 -0.009   -0.039     4523.014 6505.493    156.067 2171.598
   7506.145   6520.462   3172.019   2232.012    -11.075  -11.089   -0.001 -0.002    0.001 -0.002    0.012     7506.145 6520.462   3171.373 1958.837
   6163.440   6552.885   1821.321   2213.308    -10.475  -10.464    0.025 -0.003   -0.026 -0.003   -0.013     6163.440 6552.885   1820.141 2029.222
   5087.693   6557.988    739.371   2219.357     -9.852   -9.852    0.032 -0.044   -0.033 -0.043   -0.003     5087.693 6557.988    730.905 2074.116
   6151.833   6559.435   1809.567   2206.847    -12.669  -12.668    0.013 -0.008   -0.013 -0.008   -0.004     6151.833 6559.435   1808.341 2023.507
   8255.170   6559.456   3924.923   2185.037    -10.499  -10.509   -0.005 -0.001    0.005 -0.001    0.007     8255.170 6559.456   3919.318 1862.549
   6542.292   6567.856   2202.146   2194.303     -9.607   -9.625   -0.013  0.023    0.013  0.023    0.016     6542.292 6567.856   2202.223 1984.947
   7134.250   6591.054   2797.270   2164.862     -9.935   -9.962    0.005  0.002   -0.005  0.002    0.025     7134.250 6591.054   2797.474 1916.240
   8047.475   6601.728   3715.595   2144.715     -9.105   -9.060   -0.011 -0.044    0.011 -0.044   -0.047     8047.475 6601.728   3711.473 1835.972
   7460.801   6612.566   3125.447   2139.859    -10.855  -10.867   -0.014 -0.012    0.014 -0.012    0.010     7460.801 6612.566   3124.694 1869.685
   8239.338   6621.680   3908.374   2122.630     -9.168   -9.173    0.014 -0.011   -0.014 -0.011    0.003     8239.338 6621.680   3902.590 1801.361
   5038.193   6629.958    688.819   2147.456    -10.322  -10.340    0.011 -0.013   -0.012 -0.013    0.016     5038.193 6629.958    678.923 2038.202
   6682.582   6636.782   2342.518   2123.540     -9.631   -9.655   -0.019  0.011    0.019  0.011    0.023     6682.582 6636.782   2342.771 1904.701
   6852.469   6640.140   2513.337   2118.429    -10.065  -10.090   -0.025 -0.015    0.025 -0.015    0.022     6852.469 6640.140   2513.677 1888.352
   6656.684   6654.828   2316.297   2105.696    -10.059  -10.096   -0.008 -0.027    0.008 -0.027    0.035     6656.684 6654.828   2316.509 1888.530
   5484.498   6663.221   1137.329   2109.364    -11.303  -11.280    0.006  0.002   -0.006  0.002   -0.025     5484.498 6663.221   1131.952 1970.035
   7918.571   6690.485   3585.013   2056.730     -9.017   -9.054   -0.030  0.009    0.031  0.009    0.035     7918.571 6690.485   3581.437 1756.638
   7488.189   6700.053   3152.092   2051.601     -9.628   -9.608   -0.007 -0.027    0.006 -0.027   -0.022     7488.189 6700.053   3150.954 1779.677
   8109.769   6700.495   3777.240   2044.668     -9.338   -9.341    0.009  0.024   -0.009  0.024    0.001     8109.769 6700.495   3772.146 1732.116
   4432.716   6706.481     79.071   2076.724     -9.106   -9.132   -0.001  0.026    0.001  0.026    0.024     4432.716 6706.481     61.681 2007.408
   5038.259   6729.780    687.840   2047.038    -10.058  -10.048    0.001  0.008   -0.001  0.008   -0.012     5038.259 6729.780    678.348 1937.049
   5384.093   6735.217   1035.602   2038.015     -9.008   -9.004    0.005 -0.018   -0.005 -0.018   -0.006     5384.093 6735.217   1029.568 1904.951
   7565.166   6738.405   3229.131   2012.187    -10.246  -10.250    0.013  0.017   -0.013  0.017    0.002     7565.166 6738.405   3227.510 1735.272
   7602.865   6738.447   3267.033   2011.767    -11.256  -11.262   -0.000  0.004    0.000  0.004    0.004     7602.865 6738.447   3265.221 1732.390
   8242.351   6739.521   3910.145   2004.068    -10.151  -10.141   -0.023  0.001    0.023  0.000   -0.012     8242.351 6739.521   3903.692 1683.010
   6056.600   6742.609   1711.828   2023.617    -10.245  -10.237   -0.047 -0.018    0.047 -0.019   -0.010     6056.600 6742.609   1710.357 1845.876
   6238.335   6759.796   1894.505   2004.418     -9.221   -9.232    0.033  0.012   -0.033  0.012    0.009     6238.335 6759.796   1893.773 1814.600
   7630.920   6759.836   3294.977   1989.983    -11.348  -11.379   -0.050 -0.013    0.050 -0.013    0.029     7630.920 6759.836   3292.939 1708.814
   5695.005   6777.742   1347.867   1991.977    -10.309  -10.319    0.021  0.031   -0.021  0.031    0.008     5695.005 6777.742   1344.394 1838.041
   4961.904   6784.573    610.492   1992.710     -9.111   -9.100    0.014  0.020   -0.013  0.020   -0.013     4961.904 6784.573    600.372 1887.423
   5938.443   6789.634   1592.567   1977.535    -13.092  -13.090    0.013 -0.009   -0.013 -0.009   -0.004     5938.443 6789.634   1590.578 1807.427
   7298.043   6789.981   2959.924   1963.112    -12.171  -12.163   -0.008 -0.013    0.008 -0.013   -0.011     7298.043 6789.981   2959.254 1703.710
   5946.672   6804.367   1600.709   1962.624    -10.468  -10.461    0.032 -0.001   -0.032 -0.000   -0.009     5946.672 6804.367   1598.785 1791.918
   5766.466   6805.332   1419.428   1963.732     -9.194   -9.148   -0.003 -0.211    0.001 -0.212   -0.048     5766.466 6805.332   1416.478 1804.932
   8042.236   6810.001   3708.178   1935.249    -11.486  -11.493    0.001  0.008   -0.001  0.008    0.005     8042.236 6810.001   3703.113 1627.451
   5480.199   6814.350   1131.466   1957.424     -9.933   -9.931    0.035 -0.011   -0.035 -0.010   -0.004     5480.199 6814.350   1126.488 1817.540
   7081.167   6816.533   2741.528   1938.635    -12.170  -12.180   -0.011  0.005    0.011  0.005    0.008     7081.167 6816.533   2741.392 1693.414
   4953.480   6828.763    601.578   1948.359    -10.761  -10.795    0.030  0.013   -0.030  0.013    0.031     4953.480 6828.763    591.553 1843.328
   5438.679   6838.692   1089.442   1933.361    -11.118  -11.115    0.021  0.001   -0.021  0.001   -0.005     5438.679 6838.692   1084.197 1796.107
   5022.830   6882.349    670.763   1893.753    -11.015  -11.045    0.025  0.007   -0.025  0.008    0.028     5022.830 6882.349    661.725 1783.768
   7836.487   6882.209   3500.495   1864.762    -11.432  -11.448   -0.006  0.002    0.006  0.002    0.013     7836.487 6882.209   3496.673 1570.537
   4760.962   6933.348    406.851   1845.162    -12.005  -11.996    0.008  0.019   -0.008  0.019   -0.011     4760.962 6933.348    395.059 1752.199
   5054.579   6933.701    702.151   1841.790    -13.334  -13.348    0.014 -0.006   -0.014 -0.005    0.012     5054.579 6933.701    693.654 1729.397
   5262.561   6935.119    911.307   1838.197    -11.861  -11.837    0.012  0.008   -0.012  0.008   -0.026     5262.561 6935.119    904.849 1712.081
   6194.636   6942.770   1848.615   1820.858    -12.354  -12.356   -0.009 -0.000    0.010 -0.001    0.000     6194.636 6942.770   1847.875 1633.477
   6185.116   6944.991   1839.070   1818.745     -9.875   -9.899    0.042 -0.022   -0.042 -0.022    0.022     6185.116 6944.991   1838.302 1631.978
   6389.683   6948.832   2044.738   1812.776     -9.783   -9.813    0.012 -0.035   -0.013 -0.035    0.027     6389.683 6948.832   2044.495 1612.631
   6703.791   6997.767   2360.110   1760.266     -9.675   -9.690   -0.014  0.007    0.014  0.007    0.013     6703.791 6997.767   2360.107 1539.661
   7341.260   7005.099   3001.154   1746.293    -11.266  -11.272   -0.011  0.004    0.011  0.004    0.004     7341.260 7005.099   2999.748 1484.420
   8413.602   7010.014   4079.588   1730.247    -11.175  -11.167   -0.005  0.002    0.005  0.002   -0.011     8413.602 7010.014   4069.886 1399.462
   8061.221   7023.224   3725.038   1720.627     -9.710   -9.708   -0.021 -0.014    0.021 -0.014   -0.004     8061.221 7023.224   3718.774 1412.486
   7006.046   7027.485   2663.810   1727.254    -11.556  -11.570    0.009 -0.000   -0.009 -0.000    0.011     7006.046 7027.485   2663.416 1487.064
   8121.733   7029.269   3785.849   1713.899    -12.401  -12.385   -0.005  0.008    0.005  0.008   -0.019     8121.733 7029.269   3779.010 1401.903
   6568.329   7047.267   2223.322   1711.913     -9.315   -9.124   -0.051 -0.021    0.051 -0.022   -0.194     6568.329 7047.267   2223.279 1500.114
   4741.158   7052.557    385.682   1725.547     -9.043   -9.007   -0.008 -0.056    0.007 -0.056   -0.038     4741.158 7052.557    374.243 1633.135
   7852.678   7054.940   3514.992   1690.860    -11.679  -11.688   -0.001  0.014    0.002  0.014    0.007     7852.678 7054.940   3510.316 1396.244
   8009.358   7054.976   3672.604   1689.208     -9.856   -9.892    0.035  0.006   -0.035  0.007    0.034     8009.358 7054.976   3666.638 1384.544
   7860.489   7062.640   3522.766   1683.062    -10.228  -10.191   -0.003 -0.013    0.003 -0.013   -0.039     7860.489 7062.640   3517.998 1387.978
   7400.090   7073.405   3059.637   1677.016     -9.626   -9.633    0.013 -0.026   -0.014 -0.026    0.005     7400.090 7073.405   3057.759 1411.529
   7974.626   7078.840   3637.388   1665.570    -12.007  -12.005   -0.003  0.004    0.003  0.004   -0.004     7974.626 7078.840   3631.613 1363.247
   8061.737   7087.742   3724.876   1655.721    -12.431  -12.431   -0.032 -0.003    0.032 -0.003   -0.002     8061.737 7087.742   3718.291 1347.869
   8113.207   7092.367   3776.608   1650.514     -9.351   -9.350   -0.017  0.020    0.017  0.020   -0.003     8113.207 7092.367   3769.534 1339.392
   7943.599   7095.193   3606.004   1649.438    -11.250  -11.259   -0.012  0.010    0.012  0.010    0.007     7943.599 7095.193   3600.422 1349.179
   8081.235   7101.789   3744.374   1641.381    -10.215  -10.244    0.002  0.008   -0.002  0.008    0.027     8081.235 7101.789   3737.545 1332.353
   7976.594   7110.079   3639.043   1634.135    -12.545  -12.548   -0.004 -0.001    0.004 -0.001    0.001     7976.594 7110.079   3633.106 1331.839
   6975.103   7112.201   2631.807   1642.401    -10.395  -10.394    0.005 -0.030   -0.005 -0.030   -0.003     6975.103 7112.201   2631.330 1404.347
   8014.705   7112.326   3677.349   1631.476    -11.848  -11.850   -0.002  0.004    0.003  0.004   -0.001     8014.705 7112.326   3671.060 1326.757
   7972.807   7117.826   3635.162   1626.373    -12.834  -12.829    0.005  0.009   -0.004  0.009   -0.007     7972.807 7117.826   3629.222 1324.357
   7848.999   7138.592   3510.420   1606.790     -9.562   -9.567   -0.006 -0.011    0.005 -0.012    0.004     7848.999 7138.592   3505.424 1312.781
   5859.244   7154.878   1509.130   1610.996    -11.850  -11.846    0.017  0.008   -0.017  0.008   -0.006     5859.244 7154.878   1507.318 1445.093
   5167.486   7157.272    813.387   1615.761    -11.469  -11.458    0.015 -0.001   -0.015 -0.001   -0.013     5167.486 7157.272    806.879 1494.874
   7375.126   7162.853   3033.585   1587.292    -11.492  -11.501   -0.003 -0.006    0.003 -0.006    0.006     7375.126 7162.853   3031.578 1323.680
   4832.184   7170.481    476.031   1605.949     -9.238   -9.223    0.018 -0.002   -0.018 -0.001   -0.017     4832.184 7170.481    466.217 1506.912
   7538.073   7177.059   3197.311   1571.234     -9.318   -9.303   -0.008  0.077    0.009  0.077   -0.017     7538.073 7177.059   3194.356 1297.259
   8115.143   7180.794   3777.648   1561.581     -9.157   -9.124   -0.007 -0.002    0.007 -0.002   -0.036     8115.143 7180.794   3770.112 1250.834
   8266.265   7182.964   3929.623   1557.800     -9.116   -9.161    0.004  0.031   -0.004  0.031    0.043     8266.265 7182.964   3920.529 1237.463
   4390.970   7193.036     32.018   1587.812     -9.186   -9.201   -0.021  0.021    0.022  0.020    0.013     4390.970 7193.036     16.903 1517.503
   7534.931   7202.589   3193.892   1545.672    -11.845  -11.833   -0.004 -0.005    0.004 -0.005   -0.014     7534.931 7202.589   3190.872 1272.000
   7872.315   7206.141   3533.171   1538.597     -9.782   -9.788   -0.003  0.003    0.003  0.003    0.003     7872.315 7206.141   3527.699 1243.440
   4604.873   7208.643    246.990   1569.919     -9.081   -9.093   -0.015  0.002    0.015  0.002    0.010     4604.873 7208.643    234.724 1485.550
   5334.993   7212.970    981.281   1558.002     -9.337   -9.340    0.023  0.005   -0.023  0.006    0.000     5334.993 7212.970    976.358 1426.001
   7780.032   7221.428   3440.181   1524.162     -9.670   -9.673   -0.023  0.020    0.023  0.020    0.001     7780.032 7221.428   3435.394 1234.954
   5451.545   7246.467   1098.151   1523.102     -9.388   -9.386    0.020  0.009   -0.020  0.010   -0.004     5451.545 7246.467   1094.194 1383.453
   4937.861   7259.959    581.349   1514.859     -9.284   -9.289   -0.017  0.003    0.017  0.003    0.002     4937.861 7259.959    573.057 1408.514
   5104.614   7276.385    748.925   1496.627    -12.474  -12.486    0.021 -0.013   -0.021 -0.013    0.010     5104.614 7276.385    742.309 1379.389
   4745.522   7279.936    387.721   1496.755    -13.462  -13.484    0.001  0.006   -0.001  0.006    0.021     4745.522 7279.936    377.482 1402.843
   5427.393   7293.584   1073.368   1475.968    -11.755  -11.764    0.015  0.005   -0.015  0.006    0.007     5427.393 7293.584   1069.378 1337.766
   8354.516   7294.364   4017.233   1444.867    -10.009  -10.018    0.014  0.010   -0.013  0.010    0.007     8354.516 7294.364   4006.541 1119.708
   6774.310   7296.427   2427.947   1459.164    -12.092  -12.114   -0.001  0.002    0.001  0.002    0.020     6774.310 7296.427   2427.611 1234.365
   5825.444   7300.907   1473.619   1464.473     -9.227   -9.213    0.014  0.014   -0.014  0.014   -0.017     5825.444 7300.907   1471.913 1300.554
   6070.833   7306.566   1720.333   1456.261    -11.449  -11.467   -0.007 -0.006    0.007 -0.007    0.016     6070.833 7306.566   1719.529 1276.542
   8183.869   7308.662   3845.423   1432.251     -9.501   -9.527   -0.024  0.014    0.024  0.014    0.024     8183.869 7308.662   3836.540 1117.971
   8391.762   7308.655   4054.526   1430.103    -12.255  -12.264   -0.004  0.015    0.004  0.015    0.007     8391.762 7308.655   4043.321 1102.699
   8406.490   7312.440   4069.298   1426.145    -10.855  -10.863   -0.005  0.014    0.005  0.014    0.006     8406.490 7312.440   4057.898 1097.840
   8407.490   7318.992   4070.245   1419.535    -10.290  -10.291    0.004  0.024   -0.004  0.024   -0.001     8407.490 7318.992   4058.795 1091.216
   7940.006   7322.733   3600.033   1420.646    -12.077  -12.070   -0.010 -0.008    0.010 -0.008   -0.009     7940.006 7322.733   3593.456 1121.874
   7676.144   7327.005   3334.627   1419.016     -9.333   -9.367    0.001  0.057   -0.001  0.058    0.032     7676.144 7327.005   3330.226 1136.960
   6145.232   7359.560   1794.616   1402.206     -9.364   -9.361    0.001 -0.020   -0.001 -0.020   -0.005     6145.232 7359.560   1794.050 1217.723
   6267.708   7368.176   1917.699   1392.257    -10.746  -10.750   -0.003 -0.006    0.003 -0.006    0.002     6267.708 7368.176   1917.366 1199.944
   7084.683   7376.436   2739.386   1375.407    -10.518  -10.565    0.118  0.075   -0.118  0.076    0.045     7084.683 7376.436   2738.143 1131.070
   6217.975   7395.495   1867.404   1365.294    -11.920  -11.908    0.002 -0.004   -0.002 -0.004   -0.014     6217.975 7395.495   1867.005 1176.186
   7323.179   7402.622   2978.845   1346.660     -9.575   -9.617   -0.012  0.018    0.012  0.018    0.040     7323.179 7402.622   2976.442 1087.328
   6809.417   7404.458   2462.128   1350.157    -12.191  -12.201   -0.008 -0.006    0.008 -0.006    0.008     6809.417 7404.458   2461.607 1123.400
   5327.361   7444.017    971.176   1325.721     -9.620   -9.602   -0.011 -0.008    0.011 -0.008   -0.020     5327.361 7444.017    966.944 1193.680
   7516.548   7450.327   3172.830   1296.683    -11.557  -11.552   -0.009  0.014    0.009  0.014   -0.008     7516.548 7450.327   3169.121 1025.374
   7642.136   7449.848   3299.161   1295.873    -10.744  -10.748    0.011  0.005   -0.011  0.005    0.002     7642.136 7449.848   3294.561 1016.657
   5888.938   7452.097   1535.899   1311.775     -9.649   -9.669    0.005 -0.004   -0.005 -0.004    0.017     5888.938 7452.097   1534.697 1143.728
   5622.726   7460.806   1268.062   1305.773    -12.529  -12.533   -0.007 -0.004    0.007 -0.004    0.001     5622.726 7460.806   1265.692 1154.766
   5795.781   7466.117   1442.055   1298.642     -9.687   -9.700   -0.003 -0.007    0.003 -0.008    0.011     5795.781 7466.117   1440.511 1136.556
   6372.890   7470.102   2022.416   1288.631     -9.274   -9.293   -0.013  0.020    0.013  0.020    0.016     6372.890 7470.102   2022.209 1089.750
   6658.262   7477.699   2309.350   1278.046     -9.822   -9.825   -0.005  0.009    0.005  0.009    0.001     6658.262 7477.699   2309.017 1061.093
   4532.770   7490.042    171.588   1287.648     -9.337   -9.345    0.017  0.004   -0.017  0.005    0.006     4532.770 7490.042    160.009 1206.593
   4709.526   7493.642    349.310   1282.187     -9.723   -9.754    0.009  0.014   -0.009  0.014    0.028     4709.526 7493.642    339.765 1189.734
   5073.072   7518.614    714.693   1253.295     -9.029   -9.056    0.024  0.026   -0.024  0.026    0.026     5073.072 7518.614    708.759 1137.432
   5972.176   7527.215   1618.830   1235.362     -9.595   -9.591    0.001 -0.002   -0.001 -0.002   -0.006     5972.176 7527.215   1618.004 1062.050
   4971.402   7562.993    611.946   1209.733    -10.975  -10.974   -0.010  0.006    0.011  0.006   -0.003     4971.402 7562.993    605.299 1100.281
   7967.467   7563.953   3625.158   1177.729     -9.933   -9.951   -0.001  0.019    0.001  0.019    0.016     7967.467 7563.953   3617.241  878.937
   6276.529   7571.217   1924.466   1187.949     -9.445   -9.429   -0.002  0.004    0.002  0.004   -0.018     6276.529 7571.217   1924.225  995.386
   5145.661   7576.533    787.077   1194.327    -11.784  -11.789    0.004 -0.010   -0.004 -0.010    0.003     5145.661 7576.533    781.961 1073.718
   7708.771   7579.648   3364.825   1164.626    -11.333  -11.327    0.006  0.015   -0.006  0.015   -0.009     7708.771 7579.648   3359.197  882.095
   4903.685   7610.731    543.360   1162.427    -11.983  -11.978    0.003  0.001   -0.003  0.001   -0.007     4903.685 7610.731    536.315 1057.197
   7882.762   7612.123   3539.466   1130.181    -10.983  -10.983   -0.003 -0.002    0.003 -0.002   -0.002     7882.762 7612.123   3532.155  837.048
   6389.770   7623.929   2037.814   1133.772    -12.612  -12.608    0.004 -0.007   -0.004 -0.007   -0.006     6389.770 7623.929   2037.634  934.188
   8229.267   7629.734   3887.764   1108.844     -9.565   -9.577   -0.011  0.035    0.012  0.035    0.011     8229.267 7629.734   3876.688  794.312
   5638.340   7634.234   1281.958   1131.165     -9.886   -9.867   -0.014  0.018    0.014  0.018   -0.021     5638.340 7634.234   1280.070  979.144
   4687.431   7643.191    325.530   1132.023     -9.252   -9.307    0.001 -0.001   -0.001 -0.001    0.053     4687.431 7643.191    316.498 1040.542
   5290.990   7648.963    932.478   1119.960    -11.080  -11.087   -0.004  0.006    0.004  0.006    0.005     5290.990 7648.963    928.676  990.006
   8400.580   7650.397   4059.833   1086.299     -9.898   -9.906   -0.021  0.023    0.022  0.023    0.006     8400.580 7650.397   4046.557  761.345
   5975.598   7658.977   1620.898   1102.809    -11.220  -11.224   -0.006 -0.004    0.006 -0.004    0.002     5975.598 7658.977   1620.257  929.454
   7146.845   7670.282   2798.763   1079.346     -9.059   -9.059    0.026 -0.040   -0.026 -0.040   -0.002     7146.845 7670.282   2796.589  832.510
   5444.240   7693.903   1086.153   1073.192    -10.382  -10.391    0.009 -0.011   -0.009 -0.011    0.007     5444.240 7693.903   1083.432  933.496
   5678.691   7708.562   1321.786   1056.015    -12.220  -12.222    0.002 -0.005   -0.002 -0.005   -0.001     5678.691 7708.562   1320.234  901.510
   4670.445   7726.848    307.579   1048.062    -11.011  -11.006    0.001 -0.002   -0.001 -0.002   -0.008     4670.445 7726.848    298.803  957.456
   7735.494   7746.218   3390.002    996.816     -9.783   -9.817    0.034  0.022   -0.034  0.023    0.032     7735.494 7746.218   3383.493  713.868
   5074.567   7749.243    713.771   1021.352     -9.427   -9.409   -0.008  0.000    0.008  0.000   -0.020     5074.567 7749.243    708.779  905.078
   5068.001   7756.579    707.092   1014.049    -10.746  -10.744   -0.008 -0.008    0.008 -0.008   -0.004     5068.001 7756.579    702.078  898.186
   6100.701   7761.076   1745.658    998.866     -9.726   -9.733   -0.006 -0.041    0.005 -0.041    0.004     6100.701 7761.076   1745.341  817.902
   5099.471   7762.274    738.694   1007.984    -11.482  -11.471    0.002  0.003   -0.002  0.003   -0.013     5099.471 7762.274    733.942  890.128
   5223.311   7771.698    863.134    997.225     -9.889   -9.902   -0.009  0.002    0.009  0.002    0.010     5223.311 7771.698    859.300  871.547
   6134.006   7775.287   1779.021    984.187    -10.549  -10.556    0.009  0.000   -0.009  0.000    0.004     6134.006 7775.287   1778.755  801.173
   7047.585   7812.813   2697.430    936.995     -9.795   -9.802   -0.001 -0.010    0.000 -0.010    0.005     7047.585 7812.813   2695.438  697.177
   7582.948   7823.411   3235.731    920.779    -10.225  -10.227   -0.018  0.003    0.018  0.002   -0.001     7582.948 7823.411   3230.237  647.882
   6097.881   7835.859   1742.050    923.630     -9.412   -9.398   -0.002  0.011    0.002  0.011   -0.017     6097.881 7835.859   1741.803  743.067
   5458.628   7848.905   1098.994    917.148    -10.937  -10.940   -0.012 -0.008    0.012 -0.009    0.001     5458.628 7848.905   1096.787  776.682
   7908.856   7862.102   3563.126    878.497     -9.956   -9.961    0.006 -0.004   -0.006 -0.004    0.003     7908.856 7862.102   3554.460  585.886
   4986.759   7877.479    624.115    893.320     -9.457   -9.455   -0.025 -0.032    0.024 -0.032   -0.004     4986.759 7877.479    618.916  782.520
   6644.178   7880.755   2291.008    872.827    -10.148  -10.145   -0.002  0.002    0.002  0.002   -0.005     6644.178 7880.755   2290.391  658.450
   7874.060   7886.260   3527.882    854.538     -9.655   -9.644    0.008  0.018   -0.008  0.018   -0.013     7874.060 7886.260   3519.468  564.294
   4646.792   7892.542    282.046    881.660     -9.438   -9.407   -0.024 -0.001    0.024 -0.001   -0.034     4646.792 7892.542    273.868  792.279
   6345.892   7919.186   1990.606    837.266    -11.208  -11.230   -0.012  0.001    0.012  0.001    0.020     6345.892 7919.186   1990.448  641.598
   4701.961   7921.036    337.258    852.422    -12.199  -12.203   -0.001  0.007    0.001  0.008    0.002     4701.961 7921.036    329.768  759.531
   6468.162   7922.177   2113.527    833.002     -9.975   -9.963   -0.031 -0.009    0.031 -0.010   -0.015     6468.162 7922.177   2113.236  629.758
   7112.907   7921.804   2761.991    826.696    -10.044  -10.049   -0.005 -0.005    0.005 -0.005    0.003     7112.907 7921.804   2759.459  583.574
   6434.717   7931.232   2079.817    824.240    -10.005  -10.008   -0.010 -0.008    0.010 -0.009    0.001     6434.717 7931.232   2079.572  623.115
   5640.186   7977.753   1280.260    785.667    -10.779  -10.765   -0.005  0.004    0.005  0.004   -0.016     5640.186 7977.753   1279.170  634.086
   6709.571   7978.356   2355.768    773.994    -10.607  -10.593    0.003 -0.003   -0.003 -0.003   -0.017     6709.571 7978.356   2354.889  556.130
   8439.576   7981.100   4095.648    753.298    -12.960  -12.974    0.005  0.017   -0.005  0.017    0.012     8439.576 7981.100   4079.861  429.552
   4481.477   7983.110    114.858    792.279    -10.552  -10.554   -0.011  0.004    0.011  0.004    0.000     4481.477 7983.110    105.468  713.203
   8353.831   7982.947   4009.390    752.333    -11.631  -11.625    0.002  0.013   -0.002  0.013   -0.008     8353.831 7982.947   3994.810  433.763
   7531.232   7986.626   3182.049    757.160    -10.719  -10.725    0.006  0.005   -0.006  0.005    0.004     7531.232 7986.626   3176.438  488.836
   5911.662   7998.217   1553.077    762.276    -12.568  -12.568   -0.007  0.003    0.007  0.003   -0.002     5911.662 7998.217   1552.741  593.889
   7276.323   8000.500   2925.534    745.832     -9.883   -9.903    0.004  0.018   -0.004  0.019    0.017     7276.323 8000.500   2921.811  493.262
   6656.246   8006.624   2301.839    746.108    -11.970  -11.970   -0.004  0.004    0.004  0.004   -0.002     6656.246 8006.624   2301.099  531.709
   7782.305   8010.622   3434.310    730.416    -11.309  -11.332    0.006  0.014   -0.006  0.014    0.020     7782.305 8010.622   3426.317  446.976
   7905.722   8014.212   3558.383    725.538    -10.645  -10.624   -0.007  0.005    0.007  0.005   -0.023     7905.722 8014.212   3549.087  434.602
   7940.306   8019.612   3593.114    719.738    -10.391  -10.382   -0.001  0.015    0.002  0.015   -0.011     7940.306 8019.612   3583.417  426.747
   4643.823   8036.549    277.613    736.838     -9.200   -9.189    0.023  0.017   -0.023  0.017   -0.013     4643.823 8036.549    270.172  647.524
   5929.659   8050.674   1570.653    709.315     -9.147   -9.130    0.014  0.019   -0.014  0.019   -0.019     5929.659 8050.674   1570.418  540.012
   7114.790   8055.769   2762.504    691.942     -9.528   -9.556    0.004 -0.005   -0.004 -0.005    0.026     7114.790 8055.769   2759.679  449.728
   8274.885   8055.476   3929.231    680.217    -10.395  -10.396   -0.007  0.002    0.007  0.002   -0.001     8274.885 8055.476   3915.310  367.271
   5371.875   8060.472   1009.552    705.240     -9.023   -9.026   -0.009  0.016    0.009  0.016    0.001     5371.875 8060.472   1007.538  570.554
   6102.072   8064.530   1743.887    693.601    -10.691  -10.721   -0.008  0.012    0.008  0.012    0.028     6102.072 8064.530   1743.850  513.696
   5680.621   8069.900   1319.974    692.578    -11.592  -11.604   -0.002 -0.002    0.002 -0.002    0.009     5680.621 8069.900   1319.225  538.753
   8125.727   8070.447   3779.058    666.660     -9.472   -9.477   -0.013  0.046    0.013  0.046    0.003     8125.727 8070.447   3766.954  362.941
   7885.804   8078.254   3537.694    661.324    -11.520  -11.518   -0.001  0.015    0.001  0.015   -0.005     7885.804 8078.254   3528.339  372.260
   5830.534   8119.273   1470.230    641.367    -10.915  -10.912   -0.006  0.000    0.006  0.000   -0.005     5830.534 8119.273   1469.931  478.467
   5835.550   8154.550   1474.887    605.841     -9.057   -9.061   -0.027 -0.004    0.027 -0.004    0.002     5835.550 8154.550   1474.658  442.783
   7066.198   8181.462   2712.318    566.029    -10.828  -10.840   -0.009 -0.004    0.009 -0.004    0.009     7066.198 8181.462   2709.506  327.814
   6989.887   8182.378   2635.550    565.886     -9.413   -9.387   -0.020  0.008    0.020  0.007   -0.028     6989.887 8182.378   2633.173  332.321
   6815.663   8192.397   2460.243    557.622    -12.492  -12.498   -0.001 -0.000    0.001 -0.000    0.004     6815.663 8192.397   2458.715  334.755
   5604.133   8205.636   1241.662    556.841     -9.449   -9.441    0.019  0.012   -0.019  0.012   -0.010     5604.133 8205.636   1240.975  408.225
   7466.587   8218.076   3114.632    525.046    -10.798  -10.798    0.005  0.008   -0.004  0.008   -0.002     7466.587 8218.076   3108.833  262.838
   6434.302   8224.495   2076.370    529.289    -10.149  -10.151    0.003 -0.001   -0.003 -0.001   -0.000     6434.302 8224.495   2076.101  329.917
   6113.579   8229.759   1753.768    527.320     -9.740   -9.717    0.013 -0.004   -0.014 -0.004   -0.026     6113.579 8229.759   1753.866  347.569
   6905.792   8259.015   2550.200    489.689    -10.201  -10.180    0.002 -0.002   -0.002 -0.002   -0.023     6905.792 8259.015   2548.149  261.878
   6435.944   8264.703   2077.595    488.829     -9.090   -9.116   -0.007  0.003    0.007  0.003    0.023     6435.944 8264.703   2077.320  289.634
   5831.189   8272.247   1469.303    487.493     -9.501   -9.523   -0.005  0.014    0.005  0.014    0.020     5831.189 8272.247   1469.262  325.256
   6565.657   8274.734   2207.946    477.397    -12.729  -12.731   -0.008  0.004    0.008  0.003   -0.000     6565.657 8274.734   2207.299  270.399
   6594.508   8277.405   2236.944    474.414    -12.631  -12.625    0.001  0.001   -0.001  0.001   -0.008     6594.508 8277.405   2236.202  265.680
   6569.572   8280.772   2211.822    471.294     -9.004   -9.021   -0.006 -0.007    0.006 -0.008    0.015     6569.572 8280.772   2211.160  264.103
   8254.070   8284.337   3905.940    450.203     -9.038   -9.036    0.010  0.054   -0.010  0.055   -0.004     8254.070 8284.337   3891.053  141.326
   7814.474   8302.215   3463.632    436.831     -9.470   -9.470   -0.001 -0.001    0.001 -0.001   -0.003     7814.474 8302.215   3454.121  154.564
   4943.981   8308.915    576.630    459.802     -9.266   -9.232   -0.011  0.015    0.011  0.015   -0.036     4943.981 8308.915    572.981  352.117
   7728.891   8323.186   3377.356    416.628     -9.834   -9.819    0.013 -0.004   -0.013 -0.004   -0.017     7728.891 8323.186   3368.689  139.730
   7055.870   8346.422   2700.225    400.224     -9.953   -9.947   -0.004  0.001    0.004  0.001   -0.009     7055.870 8346.422   2697.159  164.118
   5730.107   8353.409   1366.796    406.918    -10.745  -10.723   -0.009  0.008    0.009  0.008   -0.024     5730.107 8353.409   1366.749  251.259
   5614.289   8365.716   1250.200    395.739    -11.528  -11.510    0.003  0.009   -0.003  0.009   -0.020     5614.289 8365.716   1249.927  247.197
   7926.341   8372.094   3575.417    365.380    -13.496  -13.495    0.002  0.011   -0.002  0.011   -0.003     7926.341 8372.094   3564.304   77.254
   6729.724   8376.708   2371.883    373.133     -9.726   -9.709   -0.019  0.009    0.019  0.009   -0.018     6729.724 8376.708   2370.534  157.007
   6776.511   8410.740   2418.600    338.423    -11.699  -11.702   -0.004  0.007    0.004  0.007    0.001     6776.511 8410.740   2417.002  119.769
   7192.979   8435.553   2837.199    309.151     -9.583   -9.571    0.001  0.010   -0.001  0.010   -0.015     7192.979 8435.553   2833.014   65.689
   7707.109   8437.918   3354.248    301.424     -9.709   -9.703    0.003  0.035   -0.003  0.035   -0.008     7707.109 8437.918   3345.369   27.192
   5775.716   8441.696   1411.750    317.664    -12.379  -12.404   -0.009 -0.004    0.009 -0.004    0.023     5775.716 8441.696   1411.931  159.741
   6196.334   8497.869   1834.188    256.821    -10.349  -10.346   -0.015 -0.012    0.015 -0.012   -0.005     6196.334 8497.869   1834.388   73.843
   5874.797   8506.390   1510.719    251.564    -10.744  -10.728   -0.017  0.004    0.017  0.004   -0.018     5874.797 8506.390   1511.097   88.048
   6376.235   8506.158   2015.043    246.605    -10.536  -10.544   -0.003  0.004    0.003  0.004    0.006     6376.235 8506.158   2014.867   52.879
   5973.986   8525.212   1610.290    231.608     -9.274   -9.284   -0.008  0.002    0.008  0.002    0.009     5973.986 8525.212   1610.714   62.233
   6258.951   8562.062   1896.499    191.585     -9.932   -9.937   -0.013  0.013    0.013  0.013    0.002     6258.951 8562.062   1896.608    5.360
   5815.649   8576.785   1450.550    181.378    -11.499  -11.460    0.030  0.003   -0.030  0.004   -0.041     5815.649 8576.785   1451.001   21.905
   5314.377   8587.710    946.262    175.579    -10.766  -10.768   -0.004  0.005    0.004  0.005    0.000     5314.377 8587.710    945.673   46.388
   4917.962   8612.128    547.314    155.136     -9.600   -9.573   -0.015 -0.005    0.015 -0.005   -0.029     4917.962 8612.128    544.839   50.041
   4702.252   8614.465    330.350    155.005    -13.456  -13.456   -0.009  0.010    0.009  0.010   -0.002     4702.252 8614.465    326.419   62.991
   4591.036   8666.972    217.957    103.350     -9.703   -9.694   -0.005  0.008    0.005  0.008   -0.012     4591.036 8666.972    213.444   18.262
