# File generated by CMD 3.8 (http://stev.oapd.inaf.it/cmd) on Tue Feb 11 16:21:13 UTC 2025
# isochrones based on PARSEC release v1.2S +  COLIBRI S_37 + S_35 + PR16
# Basic references: Bressan et al. (2012), MNRAS, 427, 127 + Chen et al. (2014, 2015), MNRAS, 444, 2525 + MNRAS, 452, 1068 + Tang et al. (2014), MNRAS, 445, 4287 + Marigo et al. (2017), ApJ, 835, 77 + Pastorelli al. (2019), MNRAS, 485, 5666 + Pastorelli al. (2020), MNRAS, in press
# Thermal pulse cycles included 
# On RGB, assumed Reimers mass loss with efficiency eta=0.2
# LPV periods and growth rates added cf. Trabucchi et al. (2019)
# but fundamental-mode LPV periods are from Trabucchi et al. (2021)
# Photometric system: HST/ACS WFC - updated filters and zeropoints, 2021
# Using YBC version of bolometric corrections as in Chen et al. (2019)
# O-rich circumstellar dpmod60alox40 dust from Groenewegen (2006)
# C-rich circumstellar AMCSIC15 dust from Groenewegen (2006)
# IMF: Kroupa (2001, 2002) + Kroupa et al. (2013) canonical two-part-power law IMF corrected for unresolved binaries 
# Kind of output: isochrone tables
 Zini     MH   logAge Mini        int_IMF         Mass   logL    logTe  logg  label   McoreTP C_O  period0  period1  period2  period3  period4  pmode  Mloss  tau1m   X   Y   Xc  Xn  Xo  Cexcess  Z 	 mbolmag  F435Wmag  F475Wmag  F555Wmag  F606Wmag  F625Wmag  F775Wmag  F814Wmag
0.0054091 -0.45000 10.07918 0.0900000036 1.0816895926    0.090 -3.334  3.4018  5.285    1  0.000  0.545     0.00     0.00     0.00     0.00     0.00 -1 -4.42e-17      0.00 7.345e-01 2.600e-01 9.870e-04 2.663e-04 2.415e-03 -1.000 5.489e-03 13.105 19.856 18.696 17.866 16.888 16.565 13.570 13.129
0.0054091 -0.45000 10.07918 0.1000000015 1.1711064122    0.100 -3.126  3.4319  5.243    1  0.000  0.545     0.00     0.00     0.00     0.00     0.00 -1 -7.12e-17      0.00 7.338e-01 2.607e-01 9.870e-04 2.663e-04 2.415e-03 -1.000 5.489e-03 12.584 18.731 17.676 16.836 15.932 15.605 12.882 12.489
0.0054091 -0.45000 10.07918 0.1180880964 1.3065827665    0.118 -2.883  3.4609  5.189    1  0.000  0.545     0.00     0.00     0.00     0.00     0.00 -1 -1.22e-16      0.00 7.325e-01 2.620e-01 9.870e-04 2.663e-04 2.415e-03 -1.000 5.489e-03 11.978 17.083 16.193 15.350 14.574 14.245 11.986 11.673
0.0054091 -0.45000 10.07918 0.1199999973 1.3193154249    0.120 -2.860  3.4637  5.184    1  0.000  0.545     0.00     0.00     0.00     0.00     0.00 -1 -1.28e-16      0.00 7.324e-01 2.621e-01 9.870e-04 2.663e-04 2.415e-03 -1.000 5.489e-03 11.920 16.933 16.057 15.212 14.447 14.118 11.904 11.598
0.0054091 -0.45000 10.07918 0.1400000006 1.4384526719    0.140 -2.674  3.4833  5.143    1  0.000  0.545     0.00     0.00     0.00     0.00     0.00 -1 -1.86e-16      0.00 7.312e-01 2.633e-01 9.870e-04 2.663e-04 2.415e-03 -1.000 5.489e-03 11.455 15.857 15.068 14.211 13.517 13.183 11.282 11.022
0.0054091 -0.45000 10.07918 0.1599999964 1.5372931554    0.160 -2.531  3.4965  5.111    1  0.000  0.545     0.00     0.00     0.00     0.00     0.00 -1 -2.58e-16      0.00 7.301e-01 2.644e-01 9.870e-04 2.663e-04 2.415e-03 -1.000 5.489e-03 11.097 15.130 14.389 13.528 12.871 12.534 10.835 10.602
0.0054091 -0.45000 10.07918 0.1999999881 1.6938790356    0.200 -2.306  3.5145  5.055    1  0.000  0.545     0.00     0.00     0.00     0.00     0.00 -1 -4.12e-16      0.00 7.286e-01 2.659e-01 9.870e-04 2.663e-04 2.415e-03 -1.000 5.489e-03 10.536 14.140 13.453 12.598 11.982 11.642 10.177 9.975
0.0054091 -0.45000 10.07918 0.2500000000 1.8403257998    0.250 -2.094  3.5288  4.997    1  0.000  0.545     0.00     0.00     0.00     0.00     0.00 -1 -9.72e-18      0.00 7.277e-01 2.668e-01 9.870e-04 2.663e-04 2.415e-03 -1.000 5.489e-03 10.004 13.314 12.665 11.826 11.234 10.894 9.584 9.403
0.0054091 -0.45000 10.07918 0.3000000119 1.9529139769    0.300 -1.931  3.5385  4.952    1  0.000  0.545     0.00     0.00     0.00     0.00     0.00 -1  -2.6e-17      0.00 7.277e-01 2.668e-01 9.870e-04 2.663e-04 2.415e-03 -1.000 5.489e-03 9.597 12.735 12.110 11.285 10.707 10.367 9.144 8.974
0.0054091 -0.45000 10.07918 0.3499999642 2.0434174156    0.350 -1.789  3.5468  4.910    1  0.000  0.545     0.00     0.00     0.00     0.00     0.00 -1 -9.78e-20      0.00 7.360e-01 2.586e-01 9.870e-04 2.663e-04 2.415e-03 -1.000 5.489e-03 9.242 12.244 11.637 10.825 10.256 9.918 8.764 8.603
0.0054091 -0.45000 10.07918 0.3999999762 2.1185023988    0.400 -1.636  3.5583  4.861    1  0.000  0.545     0.00     0.00     0.00     0.00     0.00 -1 -1.71e-15      0.00 7.362e-01 2.583e-01 9.870e-04 2.663e-04 2.415e-03 -1.000 5.489e-03 8.859 11.687 11.102 10.305 9.748 9.410 8.350 8.202
0.0054091 -0.45000 10.07918 0.4499999881 2.1822809009    0.450 -1.467  3.5733  4.803    1  0.000  0.545     0.00     0.00     0.00     0.00     0.00 -1 -2.54e-15      0.00 7.362e-01 2.583e-01 9.870e-04 2.663e-04 2.415e-03 -1.000 5.489e-03 8.437 11.060 10.497 9.720 9.174 8.837 7.894 7.762
0.0054091 -0.45000 10.07918 0.4999999404 2.2374540715    0.500 -1.284  3.5933  4.746    1  0.000  0.545     0.00     0.00     0.00     0.00     0.00 -1 -3.91e-15      0.00 7.362e-01 2.583e-01 9.870e-04 2.663e-04 2.415e-03 -1.000 5.489e-03 7.980 10.355 9.822 9.077 8.552 8.220 7.403 7.288
0.0054091 -0.45000 10.07918 0.5191128254 2.2563256193    0.519 -1.202  3.6043  4.724    1  0.000  0.545     0.00     0.00     0.00     0.00     0.00 -1 -4.76e-15      0.00 7.486e-01 2.461e-01 9.439e-04 2.547e-04 2.310e-03 -1.000 5.250e-03 7.774 10.019 9.505 8.782 8.273 7.945 7.183 7.075
0.0054091 -0.45000 10.07918 0.5500000119 2.2836582633    0.550 -1.076  3.6211  4.690    1  0.000  0.544     0.00     0.00     0.00     0.00     0.00 -1 -6.43e-15      0.00 7.672e-01 2.279e-01 8.796e-04 2.375e-04 2.155e-03 -1.000 4.898e-03 7.459 9.501 9.020 8.337 7.857 7.540 6.852 6.755
0.0054091 -0.45000 10.07918 0.5999999642 2.3211212854    0.600 -0.877  3.6533  4.658    1  0.000  0.544     0.00     0.00     0.00     0.00     0.00 -1 -1.01e-14      0.00 7.719e-01 2.232e-01 8.646e-04 2.335e-04 2.119e-03 -1.000 4.820e-03 6.962 8.573 8.162 7.575 7.169 6.883 6.325 6.247
0.0054091 -0.45000 10.07918 0.6259669662 2.3378848318    0.626 -0.771  3.6715  4.644    1  0.000  0.544     0.00     0.00     0.00     0.00     0.00 -1 -1.28e-14      0.00 7.743e-01 2.209e-01 8.571e-04 2.315e-04 2.101e-03 -1.000 4.785e-03 6.699 8.083 7.703 7.171 6.811 6.548 6.047 5.978
0.0054091 -0.45000 10.07918 0.6499999166 2.3520352771    0.650 -0.677  3.6878  4.631    1  0.000  0.544     0.00     0.00     0.00     0.00     0.00 -1 -1.58e-14      0.00 7.765e-01 2.188e-01 8.502e-04 2.297e-04 2.085e-03 -1.000 4.752e-03 6.462 7.679 7.319 6.829 6.506 6.264 5.800 5.738
0.0054091 -0.45000 10.07918 0.6599152684 2.3575291551    0.660 -0.638  3.6938  4.623    1  0.000  0.544     0.00     0.00     0.00     0.00     0.00 -1 -1.73e-14      0.00 7.776e-01 2.177e-01 8.465e-04 2.287e-04 2.076e-03 -1.000 4.731e-03 6.366 7.526 7.175 6.699 6.388 6.153 5.702 5.642
0.0054091 -0.45000 10.07918 0.6742708087 2.3651549326    0.674 -0.582  3.7025  4.611    1  0.000  0.544     0.00     0.00     0.00     0.00     0.00 -1 -1.98e-14      0.00 7.793e-01 2.160e-01 8.410e-04 2.272e-04 2.063e-03 -1.000 4.684e-03 6.226 7.312 6.971 6.514 6.221 5.996 5.561 5.504
0.0054091 -0.45000 10.07918 0.6882083416 2.3722097116    0.688 -0.528  3.7108  4.599    1  0.000  0.543     0.00     0.00     0.00     0.00     0.00 -1 -1.95e-14      0.00 7.809e-01 2.144e-01 8.356e-04 2.258e-04 2.050e-03 -1.000 4.665e-03 6.090 7.108 6.778 6.340 6.061 5.847 5.427 5.373
0.0054091 -0.45000 10.07918 0.6999999881 2.3779266974    0.700 -0.482  3.7177  4.588    1  0.000  0.543     0.00     0.00     0.00     0.00     0.00 -1 -2.51e-14      0.00 7.823e-01 2.131e-01 8.310e-04 2.246e-04 2.039e-03 -1.000 4.660e-03 5.974 6.941 6.621 6.196 5.929 5.722 5.314 5.262
0.0054091 -0.45000 10.07918 0.7050424814 2.3803044430    0.705 -0.462  3.7206  4.582    1  0.000  0.542     0.00     0.00     0.00     0.00     0.00 -1 -2.64e-14      0.00 7.829e-01 2.124e-01 8.276e-04 2.240e-04 2.034e-03 -1.000 4.657e-03 5.924 6.870 6.554 6.135 5.873 5.668 5.265 5.214
0.0054091 -0.45000 10.07918 0.7160503864 2.3853615797    0.716 -0.418  3.7268  4.570    1  0.000  0.541     0.00     0.00     0.00     0.00     0.00 -1 -2.94e-14      0.00 7.845e-01 2.110e-01 8.204e-04 2.226e-04 2.023e-03 -1.000 4.592e-03 5.815 6.717 6.410 6.003 5.750 5.552 5.159 5.110
0.0054091 -0.45000 10.07918 0.7265388966 2.3900165117    0.726 -0.376  3.7326  4.557    1  0.000  0.539     0.00     0.00     0.00     0.00     0.00 -1 -3.26e-14      0.00 7.859e-01 2.095e-01 8.135e-04 2.213e-04 2.013e-03 -1.000 4.574e-03 5.709 6.573 6.275 5.879 5.634 5.441 5.058 5.010
0.0054091 -0.45000 10.07918 0.7368018031 2.3944241055    0.737 -0.334  3.7381  4.543    1  0.000  0.537     0.00     0.00     0.00     0.00     0.00 -1 -3.62e-14      0.00 7.873e-01 2.082e-01 8.069e-04 2.201e-04 2.002e-03 -1.000 4.566e-03 5.605 6.433 6.143 5.758 5.521 5.333 4.958 4.913
0.0054091 -0.45000 10.07918 0.7464485765 2.3984402631    0.746 -0.294  3.7432  4.530    1  0.000  0.536     0.00     0.00     0.00     0.00     0.00 -1 -7.75e-15      0.00 7.886e-01 2.069e-01 8.007e-04 2.189e-04 1.992e-03 -1.000 4.539e-03 5.505 6.302 6.021 5.645 5.416 5.232 4.865 4.821
0.0054091 -0.45000 10.07918 0.7494187951 2.3996529124    0.749 -0.282  3.7447  4.525    1  0.000  0.536     0.00     0.00     0.00     0.00     0.00 -1 -4.14e-14      0.00 7.890e-01 2.065e-01 7.988e-04 2.186e-04 1.989e-03 -1.000 4.538e-03 5.474 6.262 5.983 5.611 5.383 5.201 4.836 4.793
0.0054091 -0.45000 10.07918 0.7542241216 2.4015915399    0.754 -0.262  3.7469  4.517    1  0.000  0.535     0.00     0.00     0.00     0.00     0.00 -1 -4.36e-14      0.00 7.899e-01 2.056e-01 7.960e-04 2.178e-04 1.982e-03 -1.000 4.529e-03 5.425 6.200 5.924 5.555 5.331 5.151 4.790 4.747
0.0054091 -0.45000 10.07918 0.7675241828 2.4068119644    0.767 -0.206  3.7528  4.492    1  0.000  0.535     0.00     0.00     0.00     0.00     0.00 -1 -3.83e-14      0.00 7.923e-01 2.032e-01 7.883e-04 2.158e-04 1.964e-03 -1.000 4.463e-03 5.284 6.026 5.759 5.402 5.185 5.010 4.658 4.616
0.0054091 -0.45000 10.07918 0.7801652551 2.4115844705    0.780 -0.151  3.7580  4.465    1  0.000  0.535     0.00     0.00     0.00     0.00     0.00 -1 -4.97e-14      0.00 7.947e-01 2.009e-01 7.807e-04 2.138e-04 1.945e-03 -1.000 4.413e-03 5.147 5.859 5.602 5.254 5.043 4.873 4.529 4.489
0.0054091 -0.45000 10.07918 0.7917491198 2.4158043066    0.791 -0.099  3.7626  4.437    1  0.000  0.535     0.00     0.00     0.00     0.00     0.00 -1 -1.19e-15      0.00 7.969e-01 1.987e-01 7.737e-04 2.119e-04 1.929e-03 -1.000 4.389e-03 5.017 5.704 5.454 5.115 4.910 4.744 4.407 4.368
0.0054091 -0.45000 10.07918 0.7988376617 2.4183172609    0.798 -0.066  3.7652  4.419    1  0.000  0.535     0.00     0.00     0.00     0.00     0.00 -1 -7.43e-14      0.00 7.982e-01 1.974e-01 7.695e-04 2.107e-04 1.919e-03 -1.000 4.379e-03 4.935 5.607 5.362 5.028 4.827 4.663 4.330 4.292
0.0054091 -0.45000 10.07918 0.7999420166 2.4187041565    0.799 -0.061  3.7656  4.416    1  0.000  0.535     0.00     0.00     0.00     0.00     0.00 -1 -7.54e-14      0.00 7.985e-01 1.971e-01 7.686e-04 2.105e-04 1.917e-03 -1.000 4.376e-03 4.922 5.592 5.348 5.015 4.814 4.650 4.318 4.280
0.0054091 -0.45000 10.07918 0.8082904816 2.4215896349    0.807 -0.020  3.7684  4.391    1  0.000  0.535     0.00     0.00     0.00     0.00     0.00 -1 -8.47e-14      0.00 8.006e-01 1.951e-01 7.621e-04 2.088e-04 1.901e-03 -1.000 4.355e-03 4.820 5.475 5.236 4.908 4.711 4.550 4.222 4.185
0.0054091 -0.45000 10.07918 0.8161104918 2.4242309750    0.815  0.019  3.7707  4.365    1  0.000  0.534     0.00     0.00     0.00     0.00     0.00 -1 -5.31e-14      0.00 8.025e-01 1.932e-01 7.560e-04 2.071e-04 1.886e-03 -1.000 4.292e-03 4.722 5.363 5.129 4.806 4.611 4.452 4.128 4.092
0.0054091 -0.45000 10.07918 0.8235854506 2.4267019212    0.823  0.057  3.7728  4.339    1  0.000  0.534     0.00     0.00     0.00     0.00     0.00 -1 -6.82e-14      0.00 8.044e-01 1.913e-01 7.500e-04 2.055e-04 1.872e-03 -1.000 4.264e-03 4.626 5.256 5.026 4.707 4.515 4.358 4.037 4.002
0.0054091 -0.45000 10.07918 0.8307489753 2.4290219970    0.830  0.095  3.7743  4.312    1  0.000  0.534     0.00     0.00     0.00     0.00     0.00 -1 -8.69e-14      0.00 8.062e-01 1.896e-01 7.445e-04 2.040e-04 1.859e-03 -1.000 4.214e-03 4.533 5.153 4.927 4.612 4.422 4.266 3.948 3.913
0.0054091 -0.45000 10.07918 0.8407975435 2.4321999705    0.840  0.149  3.7761  4.269    1  0.000  0.534     0.00     0.00     0.00     0.00     0.00 -1 -1.23e-13      0.00 8.072e-01 1.886e-01 7.415e-04 2.032e-04 1.852e-03 -1.000 4.217e-03 4.397 5.006 4.783 4.472 4.285 4.130 3.815 3.780
0.0054091 -0.45000 10.07918 0.8442568183 2.4332738958    0.843  0.169  3.7765  4.253    1  0.000  0.534     0.00     0.00     0.00     0.00     0.00 -1  -1.4e-14      0.00 8.072e-01 1.885e-01 7.415e-04 2.032e-04 1.852e-03 -1.000 4.239e-03 4.348 4.954 4.732 4.422 4.236 4.082 3.767 3.733
0.0054091 -0.45000 10.07918 0.8482564688 2.4345030321    0.847  0.193  3.7767  4.232    1  0.000  0.534     0.00     0.00     0.00     0.00     0.00 -1 -1.63e-13      0.00 8.071e-01 1.887e-01 7.424e-04 2.035e-04 1.854e-03 -1.000 4.243e-03 4.287 4.892 4.671 4.362 4.175 4.022 3.708 3.673
0.0054091 -0.45000 10.07918 0.8492711186 2.4348127286    0.848  0.199  3.7767  4.226    1  0.000  0.534     0.00     0.00     0.00     0.00     0.00 -1 -1.66e-13      0.00 8.071e-01 1.887e-01 7.424e-04 2.035e-04 1.854e-03 -1.000 4.242e-03 4.272 4.876 4.655 4.346 4.160 4.006 3.692 3.658
0.0054091 -0.45000 10.07918 0.8560372591 2.4368563557    0.855  0.242  3.7763  4.184    1  0.000  0.534     0.00     0.00     0.00     0.00     0.00 -1 -1.91e-13      0.00 8.069e-01 1.889e-01 7.442e-04 2.040e-04 1.858e-03 -1.000 4.232e-03 4.164 4.770 4.548 4.239 4.052 3.898 3.584 3.549
0.0054091 -0.45000 10.07918 0.8637624383 2.4391446889    0.862  0.295  3.7743  4.128    1  0.000  0.534     0.00     0.00     0.00     0.00     0.00 -1 -2.29e-13      0.00 8.050e-01 1.908e-01 7.532e-04 2.065e-04 1.882e-03 -1.000 4.254e-03 4.032 4.646 4.422 4.109 3.921 3.766 3.448 3.413
0.0054091 -0.45000 10.07918 0.8650698662 2.4395273243    0.864  0.304  3.7738  4.117    1  0.000  0.534     0.00     0.00     0.00     0.00     0.00 -1 -2.37e-13      0.00 8.043e-01 1.914e-01 7.561e-04 2.073e-04 1.889e-03 -1.000 4.258e-03 4.009 4.626 4.400 4.087 3.898 3.742 3.424 3.389
0.0054091 -0.45000 10.07918 0.8703256249 2.4410521588    0.869  0.344  3.7693  4.062    2  0.000  0.534     0.00     0.00     0.00     0.00     0.00 -1 -2.74e-13      0.00 7.966e-01 1.990e-01 7.854e-04 2.153e-04 1.962e-03 -1.000 4.440e-03 3.909 4.548 4.316 3.994 3.800 3.642 3.317 3.280
0.0054091 -0.45000 10.07918 0.8752137423 2.4424514447    0.873  0.381  3.7616  3.996    2  0.000  0.534     0.00     0.00     0.00     0.00     0.00 -1 -1.75e-13      0.00 7.838e-01 2.115e-01 8.289e-04 2.272e-04 2.069e-03 -1.000 4.697e-03 3.817 4.496 4.251 3.915 3.713 3.548 3.212 3.173
0.0054091 -0.45000 10.07918 0.8783978820 2.4433533185    0.877  0.403  3.7519  3.938    2  0.000  0.535     0.00     0.00     0.00     0.00     0.00 -1 -2.12e-13      0.00 7.723e-01 2.228e-01 8.651e-04 2.369e-04 2.156e-03 -1.000 4.887e-03 3.763 4.496 4.234 3.881 3.668 3.496 3.144 3.102
0.0054091 -0.45000 10.07918 0.8804157972 2.4439209896    0.879  0.416  3.7421  3.887    2  0.000  0.536     0.00     0.00     0.00     0.00     0.00 -1 -2.44e-13      0.00 7.645e-01 2.305e-01 8.881e-04 2.430e-04 2.211e-03 -1.000 5.001e-03 3.731 4.520 4.243 3.873 3.648 3.468 3.101 3.056
0.0054091 -0.45000 10.07918 0.8821529150 2.4444072765    0.880  0.431  3.7314  3.829    2  0.000  0.536     0.00     0.00     0.00     0.00     0.00 -1 -2.83e-13      0.00 7.583e-01 2.366e-01 9.061e-04 2.478e-04 2.254e-03 -1.000 5.103e-03 3.693 4.550 4.255 3.866 3.627 3.439 3.055 3.007
0.0054091 -0.45000 10.07918 0.8835322857 2.4447918501    0.882  0.457  3.7229  3.770    2  0.000  0.536     0.00     0.00     0.00     0.00     0.00 -1 -3.33e-13      0.00 7.540e-01 2.408e-01 9.178e-04 2.510e-04 2.282e-03 -1.000 5.191e-03 3.627 4.539 4.231 3.826 3.578 3.382 2.985 2.934
0.0054091 -0.45000 10.07918 0.8846625090 2.4451059327    0.883  0.493  3.7172  3.712    2  0.000  0.537     0.00     0.00     0.00     0.00     0.00 -1 -3.98e-13      0.00 7.507e-01 2.441e-01 9.263e-04 2.532e-04 2.301e-03 -1.000 5.228e-03 3.538 4.489 4.172 3.757 3.501 3.301 2.894 2.842
0.0054091 -0.45000 10.07918 0.8852124810 2.4452584333    0.883  0.514  3.7149  3.681    2  0.000  0.537     0.00     0.00     0.00     0.00     0.00 -1 -4.42e-13      0.00 7.491e-01 2.457e-01 9.300e-04 2.541e-04 2.310e-03 -1.000 5.270e-03 3.484 4.451 4.130 3.711 3.452 3.251 2.840 2.786
0.0054091 -0.45000 10.07918 0.8858761787 2.4454421787    0.884  0.546  3.7127  3.641    3  0.000  0.537     0.00     0.00     0.00     0.00     0.00 -1 -5.05e-13      0.00 7.471e-01 2.476e-01 9.337e-04 2.551e-04 2.318e-03 -1.000 5.278e-03 3.405 4.388 4.064 3.641 3.379 3.176 2.761 2.707
0.0054091 -0.45000 10.07918 0.8867000341 2.4456698239    0.885  0.589  3.7103  3.590    3  0.000  0.537     0.00     0.00     0.00     0.00     0.00 -1 -6.02e-13      0.00 7.446e-01 2.500e-01 9.378e-04 2.563e-04 2.328e-03 -1.000 5.306e-03 3.298 4.297 3.969 3.542 3.278 3.073 2.654 2.599
0.0054091 -0.45000 10.07918 0.8874040246 2.4458639633    0.885  0.630  3.7087  3.542    3  0.000  0.537     0.00     0.00     0.00     0.00     0.00 -1 -7.12e-13      0.00 7.424e-01 2.523e-01 9.403e-04 2.572e-04 2.336e-03 -1.000 5.299e-03 3.195 4.205 3.875 3.445 3.179 2.973 2.551 2.496
0.0054091 -0.45000 10.07918 0.8880867362 2.4460518966    0.886  0.673  3.7073  3.493    3  0.000  0.536     0.00     0.00     0.00     0.00     0.00 -1 -8.48e-13      0.00 7.401e-01 2.546e-01 9.412e-04 2.582e-04 2.342e-03 -1.000 5.304e-03 3.087 4.108 3.775 3.343 3.075 2.868 2.444 2.388
0.0054091 -0.45000 10.07918 0.8886709213 2.4462124444    0.886  0.713  3.7061  3.449    3  0.000  0.534     0.00     0.00     0.00     0.00     0.00 -1 -9.94e-13      0.00 7.380e-01 2.567e-01 9.401e-04 2.598e-04 2.347e-03 -1.000 5.313e-03 2.987 4.017 3.683 3.248 2.979 2.771 2.345 2.288
0.0054091 -0.45000 10.07918 0.8892408013 2.4463688271    0.887  0.755  3.7050  3.403    3  0.000  0.531     0.00     0.00     0.00     0.00     0.00 -1 -1.17e-12      0.00 7.358e-01 2.588e-01 9.355e-04 2.638e-04 2.351e-03 -1.000 5.314e-03 2.882 3.921 3.584 3.148 2.877 2.668 2.240 2.183
0.0054091 -0.45000 10.07918 0.8897894025 2.4465191530    0.888  0.798  3.7039  3.355    3  0.000  0.525     0.00     0.00     0.00     0.00     0.00 -1 -1.39e-12      0.00 7.338e-01 2.609e-01 9.277e-04 2.708e-04 2.354e-03 -1.000 5.319e-03 2.775 3.822 3.483 3.044 2.772 2.563 2.133 2.075
0.0054091 -0.45000 10.07918 0.8902620673 2.4466485003    0.888  0.838  3.7028  3.311    3  0.000  0.519     0.00     0.00     0.00     0.00     0.00 -1 -1.62e-12      0.00 7.321e-01 2.626e-01 9.177e-04 2.812e-04 2.357e-03 -1.000 5.349e-03 2.675 3.730 3.389 2.948 2.675 2.465 2.033 1.975
0.0054091 -0.45000 10.07918 0.8907536864 2.4467828670    0.888  0.883  3.7015  3.262    3  0.000  0.512     0.00     0.00     0.00     0.00     0.00 -1 -1.93e-12      0.00 7.303e-01 2.643e-01 9.055e-04 2.957e-04 2.360e-03 -1.000 5.394e-03 2.562 3.627 3.283 2.841 2.566 2.355 1.921 1.863
0.0054091 -0.45000 10.07918 0.8911785483 2.4468988506    0.889  0.925  3.7004  3.216    3  0.000  0.505     0.00     0.00     0.00     0.00     0.00 -1 -2.26e-12      0.00 7.289e-01 2.657e-01 8.947e-04 3.089e-04 2.361e-03 -1.000 5.388e-03 2.458 3.531 3.186 2.741 2.465 2.254 1.817 1.759
0.0054091 -0.45000 10.07918 0.8915507793 2.4470003620    0.889  0.964  3.6992  3.172    3  0.000  0.500     0.00     0.00     0.00     0.00     0.00 -1 -2.63e-12      0.00 7.279e-01 2.667e-01 8.865e-04 3.194e-04 2.362e-03 -1.000 5.386e-03 2.360 3.442 3.095 2.648 2.371 2.158 1.720 1.661
0.0054091 -0.45000 10.07918 0.8919104934 2.4470983673    0.889  1.005  3.6979  3.126    3  0.000  0.496     0.00     0.00     0.00     0.00     0.00 -1 -3.08e-12      0.00 7.269e-01 2.677e-01 8.792e-04 3.287e-04 2.363e-03 -1.000 5.383e-03 2.257 3.351 3.001 2.551 2.272 2.059 1.618 1.558
0.0054091 -0.45000 10.07918 0.8922455907 2.4471895840    0.890  1.046  3.6965  3.079    3  0.000  0.492     0.00     0.00     0.00     0.00     0.00 -1 -3.61e-12      0.00 7.262e-01 2.684e-01 8.729e-04 3.368e-04 2.364e-03 -1.000 5.393e-03 2.154 3.260 2.907 2.455 2.174 1.959 1.515 1.455
0.0054091 -0.45000 10.07918 0.8926400542 2.4472968598    0.890  1.100  3.6947  3.018    3  0.000  0.490     0.00     0.00     0.00     0.00     0.00 -1 -4.42e-12      0.00 7.256e-01 2.690e-01 8.686e-04 3.424e-04 2.365e-03 -1.000 5.402e-03 2.021 3.144 2.787 2.329 2.046 1.830 1.382 1.322
0.0054091 -0.45000 10.07918 0.8929027915 2.4473682517    0.890  1.139  3.6932  2.974    3  0.000  0.488     0.00     0.00     0.00     0.00     0.00 -1 -5.13e-12      0.00 7.252e-01 2.694e-01 8.656e-04 3.464e-04 2.366e-03 -1.000 5.388e-03 1.923 3.059 2.699 2.238 1.953 1.735 1.285 1.224
0.0054091 -0.45000 10.07918 0.8931483626 2.4474349354    0.890  1.178  3.6917  2.928    3  0.000  0.487     0.00     0.00     0.00     0.00     0.00 -1 -5.95e-12      0.00 7.249e-01 2.697e-01 8.635e-04 3.491e-04 2.366e-03 -1.000 5.386e-03 1.825 2.975 2.612 2.147 1.859 1.641 1.188 1.126
0.0054091 -0.45000 10.07918 0.8933763504 2.4474968068    0.890  1.217  3.6902  2.883    3  0.000  0.486     0.00     0.00     0.00     0.00     0.00 -1  -6.9e-12      0.00 7.247e-01 2.699e-01 8.624e-04 3.505e-04 2.366e-03 -1.000 5.392e-03 1.728 2.893 2.525 2.057 1.767 1.547 1.091 1.028
0.0054091 -0.45000 10.07918 0.8936472535 2.4475702773    0.891  1.267  3.6881  2.825    3  0.000  0.486     0.00     0.00     0.00     0.00     0.00 -1 -8.35e-12      0.00 7.247e-01 2.699e-01 8.621e-04 3.509e-04 2.366e-03 -1.000 5.402e-03 1.602 2.786 2.415 1.942 1.649 1.427 0.966 0.903
0.0054091 -0.45000 10.07918 0.8938851953 2.4476347662    0.891  1.316  3.6860  2.768    3  0.000  0.486     0.00     0.00     0.00     0.00     0.00 -1    -1e-11      0.00 7.247e-01 2.699e-01 8.620e-04 3.511e-04 2.366e-03 -1.000 5.402e-03 1.481 2.684 2.309 1.832 1.536 1.312 0.847 0.783
0.0054091 -0.45000 10.07918 0.8941019773 2.4476934859    0.891  1.363  3.6838  2.712    3  0.000  0.486     0.00     0.00     0.00     0.00     0.00 -1  -1.2e-11      0.00 7.247e-01 2.699e-01 8.619e-04 3.512e-04 2.367e-03 -1.000 5.403e-03 1.361 2.584 2.205 1.723 1.423 1.198 0.729 0.664
0.0054091 -0.45000 10.07918 0.8943021297 2.4477476721    0.891  1.412  3.6815  2.654    3  0.000  0.486     0.00     0.00     0.00     0.00     0.00 -1 -1.44e-11      0.00 7.246e-01 2.700e-01 8.618e-04 3.514e-04 2.367e-03 -1.000 5.403e-03 1.240 2.484 2.100 1.614 1.311 1.083 0.610 0.544
0.0054091 -0.45000 10.07918 0.8944772482 2.4477950581    0.891  1.458  3.6793  2.599    3  0.000  0.486     0.00     0.00     0.00     0.00     0.00 -1 -1.72e-11      0.00 7.246e-01 2.700e-01 8.617e-04 3.515e-04 2.367e-03 -1.000 5.403e-03 1.126 2.390 2.002 1.511 1.204 0.975 0.498 0.431
0.0054091 -0.45000 10.07918 0.8946366310 2.4478381676    0.891  1.502  3.6771  2.546    3  0.000  0.485     0.00     0.00     0.00     0.00     0.00 -1 -2.04e-11      0.00 7.246e-01 2.700e-01 8.616e-04 3.516e-04 2.367e-03 -1.000 5.404e-03 1.014 2.300 1.907 1.411 1.101 0.870 0.388 0.320
0.0054091 -0.45000 10.07918 0.8947790265 2.4478766675    0.891  1.545  3.6749  2.495    3  0.000  0.485     0.00     0.00     0.00     0.00     0.00 -1 -2.39e-11      0.00 7.246e-01 2.700e-01 8.616e-04 3.517e-04 2.367e-03 -1.000 5.404e-03 0.908 2.216 1.818 1.317 1.004 0.771 0.284 0.215
0.0054091 -0.45000 10.07918 0.8949157000 2.4479136070    0.891  1.587  3.6727  2.444    3  0.000  0.485     0.00     0.00     0.00     0.00     0.00 -1  -2.8e-11      0.00 7.246e-01 2.700e-01 8.615e-04 3.519e-04 2.367e-03 -1.000 5.404e-03 0.802 2.135 1.732 1.225 0.907 0.671 0.180 0.110
0.0054091 -0.45000 10.07918 0.8950551748 2.4479512903    0.891  1.624  3.6708  2.399    3  0.000  0.485     0.00     0.00     0.00     0.00     0.00 -1 -3.22e-11      0.00 7.246e-01 2.700e-01 8.614e-04 3.520e-04 2.367e-03 -1.000 5.405e-03 0.711 2.065 1.657 1.144 0.822 0.585 0.090 0.019
0.0054091 -0.45000 10.07918 0.8951950669 2.4479890727    0.891  1.650  3.6695  2.367    3  0.000  0.485     0.00     0.00     0.00     0.00     0.00 -1  -3.6e-11      0.00 7.246e-01 2.700e-01 8.613e-04 3.521e-04 2.367e-03 -1.000 5.405e-03 0.644 2.013 1.601 1.084 0.761 0.522 0.023 -0.047
0.0054091 -0.45000 10.07918 0.8953388929 2.4480279035    0.891  1.616  3.6720  2.411    3  0.000  0.485     0.00     0.00     0.00     0.00     0.00 -1 -3.21e-11      0.00 7.246e-01 2.700e-01 8.613e-04 3.522e-04 2.367e-03 -1.000 5.405e-03 0.729 2.071 1.665 1.155 0.836 0.600 0.107 0.037
0.0054091 -0.45000 10.07918 0.8953809142 2.4480392459    0.891  1.605  3.6729  2.426    3  0.000  0.485     0.00     0.00     0.00     0.00     0.00 -1 -3.07e-11      0.00 7.246e-01 2.700e-01 8.612e-04 3.522e-04 2.367e-03 -1.000 5.405e-03 0.758 2.091 1.687 1.179 0.862 0.627 0.135 0.066
0.0054091 -0.45000 10.07918 0.8955097198 2.4480740055    0.890  1.657  3.6699  2.363    3  0.000  0.485     0.00     0.00     0.00     0.00     0.00 -1 -3.69e-11      0.00 7.246e-01 2.700e-01 8.612e-04 3.523e-04 2.367e-03 -1.000 5.405e-03 0.628 1.993 1.582 1.066 0.743 0.505 0.007 -0.063
0.0054091 -0.45000 10.07918 0.8956170082 2.4481029497    0.890  1.702  3.6673  2.306    3  0.000  0.485     0.00     0.00     0.00     0.00     0.00 -1 -4.38e-11      0.00 7.246e-01 2.700e-01 8.611e-04 3.524e-04 2.367e-03 -1.000 5.406e-03 0.514 1.910 1.492 0.968 0.640 0.398 -0.105 -0.176
0.0054091 -0.45000 10.07918 0.8957194686 2.4481305839    0.890  1.749  3.6646  2.249    3  0.000  0.485     0.00     0.00     0.00     0.00     0.00 -1 -5.22e-11      0.00 7.246e-01 2.700e-01 8.611e-04 3.525e-04 2.367e-03 -1.000 5.406e-03 0.397 1.826 1.400 0.868 0.535 0.290 -0.219 -0.292
0.0054091 -0.45000 10.07918 0.8958129287 2.4481557843    0.890  1.795  3.6619  2.192    3  0.000  0.485     0.00     0.00     0.00     0.00     0.00 -1 -6.22e-11      0.00 7.245e-01 2.700e-01 8.610e-04 3.525e-04 2.367e-03 -1.000 5.406e-03 0.282 1.743 1.311 0.770 0.431 0.184 -0.331 -0.405
0.0054091 -0.45000 10.07918 0.8958969116 2.4481784242    0.890  1.840  3.6591  2.136    3  0.000  0.485     0.00     0.00     0.00     0.00     0.00 -1 -7.37e-11      0.00 7.245e-01 2.700e-01 8.610e-04 3.526e-04 2.367e-03 -1.000 5.406e-03 0.171 1.665 1.225 0.676 0.332 0.081 -0.440 -0.515
0.0054091 -0.45000 10.07918 0.8959736824 2.4481991156    0.890  1.884  3.6564  2.081    3  0.000  0.485     0.00     0.00     0.00     0.00     0.00 -1 -8.71e-11      0.00 7.245e-01 2.701e-01 8.609e-04 3.526e-04 2.367e-03 -1.000 5.406e-03 0.060 1.589 1.143 0.585 0.235 -0.019 -0.546 -0.623
0.0054091 -0.45000 10.07918 0.8960453272 2.4482184217    0.889  1.928  3.6536  2.025    3  0.000  0.485     0.00     0.00     0.00     0.00     0.00 -1 -1.03e-10      0.00 7.245e-01 2.701e-01 8.609e-04 3.527e-04 2.367e-03 -1.000 5.406e-03 -0.051 1.514 1.060 0.494 0.137 -0.120 -0.654 -0.732
0.0054091 -0.45000 10.07918 0.8961101770 2.4482358938    0.889  1.972  3.6508  1.970    3  0.000  0.485     0.00     0.00     0.00     0.00     0.00 -1 -1.22e-10      0.00 7.245e-01 2.701e-01 8.609e-04 3.527e-04 2.367e-03 -1.000 5.407e-03 -0.160 1.445 0.981 0.404 0.041 -0.219 -0.759 -0.837
0.0054091 -0.45000 10.07918 0.8961704969 2.4482521427    0.889  2.016  3.6479  1.915    3  0.000  0.485     0.00     0.00     0.00     0.00     0.00 -1 -1.44e-10      0.00 7.245e-01 2.701e-01 8.608e-04 3.528e-04 2.367e-03 -1.000 5.407e-03 -0.269 1.382 0.904 0.314 -0.055 -0.318 -0.863 -0.943
0.0054091 -0.45000 10.07918 0.8962253928 2.4482669284    0.888  2.059  3.6451  1.860    3  0.000  0.485     0.00     0.00     0.00     0.00     0.00 -1 -1.69e-10      0.00 7.245e-01 2.701e-01 8.608e-04 3.528e-04 2.367e-03 -1.000 5.407e-03 -0.377 1.321 0.828 0.226 -0.148 -0.415 -0.965 -1.046
0.0054091 -0.45000 10.07918 0.8962756395 2.4482804600    0.888  2.102  3.6422  1.806    3  0.000  0.485     0.00     0.00     0.00     0.00     0.00 -1 -1.99e-10      0.00 7.245e-01 2.701e-01 8.608e-04 3.529e-04 2.367e-03 -1.000 5.407e-03 -0.484 1.260 0.753 0.139 -0.241 -0.511 -1.066 -1.148
0.0054091 -0.45000 10.07918 0.8963212967 2.4482927541    0.887  2.144  3.6393  1.752    3  0.000  0.485     0.00     0.00     0.00     0.00     0.00 -1 -2.34e-10      0.00 7.245e-01 2.701e-01 8.608e-04 3.529e-04 2.367e-03 -1.000 5.407e-03 -0.589 1.203 0.681 0.055 -0.331 -0.604 -1.164 -1.248
0.0054091 -0.45000 10.07918 0.8963633180 2.4483040679    0.887  2.185  3.6365  1.698    3  0.000  0.485     0.00     0.00     0.00     0.00     0.00 -1 -2.74e-10      0.00 7.245e-01 2.701e-01 8.607e-04 3.529e-04 2.367e-03 -1.000 5.407e-03 -0.693 1.147 0.610 -0.027 -0.420 -0.694 -1.261 -1.346
0.0054091 -0.45000 10.07918 0.8964026570 2.4483146585    0.886  2.228  3.6335  1.644    3  0.000  0.485     0.00     0.00     0.00     0.00     0.00 -1 -3.23e-10      0.00 7.245e-01 2.701e-01 8.607e-04 3.530e-04 2.367e-03 -1.000 5.407e-03 -0.799 1.092 0.540 -0.110 -0.508 -0.785 -1.358 -1.444
0.0054091 -0.45000 10.07918 0.8964379430 2.4483241570    0.886  2.268  3.6307  1.592    3  0.000  0.485     0.00     0.00     0.00     0.00     0.00 -1 -3.77e-10      0.00 7.245e-01 2.701e-01 8.607e-04 3.530e-04 2.367e-03 -1.000 5.407e-03 -0.901 1.039 0.471 -0.190 -0.593 -0.873 -1.452 -1.539
0.0054091 -0.45000 10.07918 0.8964712620 2.4483331252    0.885  2.310  3.6277  1.538    3  0.000  0.485     0.00     0.00     0.00     0.00     0.00 -1 -4.41e-10      0.00 7.245e-01 2.701e-01 8.607e-04 3.530e-04 2.367e-03 -1.000 5.407e-03 -1.004 0.987 0.403 -0.268 -0.677 -0.960 -1.545 -1.634
0.0054091 -0.45000 10.07918 0.8965010047 2.4483411302    0.885  2.349  3.6248  1.486    3  0.000  0.485     0.00     0.00     0.00     0.00     0.00 -1 -5.14e-10      0.00 7.245e-01 2.701e-01 8.607e-04 3.530e-04 2.367e-03 -1.000 5.407e-03 -1.103 0.938 0.340 -0.342 -0.757 -1.042 -1.635 -1.725
0.0054091 -0.45000 10.07918 0.8965290189 2.4483486694    0.884  2.390  3.6219  1.434    3  0.000  0.485     0.00     0.00     0.00     0.00     0.00 -1    -6e-10      0.00 7.245e-01 2.701e-01 8.607e-04 3.531e-04 2.367e-03 -1.000 5.407e-03 -1.204 0.888 0.279 -0.413 -0.836 -1.125 -1.727 -1.819
0.0054091 -0.45000 10.07918 0.8965549469 2.4483556467    0.883  2.430  3.6189  1.382    3  0.000  0.485     0.00     0.00     0.00     0.00     0.00 -1    -7e-10      0.00 7.245e-01 2.701e-01 8.606e-04 3.531e-04 2.367e-03 -1.000 5.407e-03 -1.305 0.840 0.220 -0.483 -0.914 -1.206 -1.819 -1.913
0.0054091 -0.45000 10.07918 0.8965784311 2.4483619659    0.882  2.469  3.6160  1.331    3  0.000  0.485     0.00     0.00     0.00     0.00     0.00 -1 -8.12e-10      0.00 7.245e-01 2.701e-01 8.606e-04 3.531e-04 2.367e-03 -1.000 5.407e-03 -1.402 0.795 0.164 -0.549 -0.988 -1.284 -1.907 -2.003
0.0054091 -0.45000 10.07918 0.8966010213 2.4483680442    0.881  2.509  3.6129  1.277    3  0.000  0.485    11.08     8.19     5.72     4.43     3.59  3 -9.49e-10      0.00 7.245e-01 2.701e-01 8.606e-04 3.531e-04 2.367e-03 -1.000 5.407e-03 -1.503 0.750 0.108 -0.617 -1.064 -1.364 -1.998 -2.096
0.0054091 -0.45000 10.07918 0.8966208696 2.4483733845    0.880  2.548  3.6100  1.227    3  0.000  0.485    12.31     8.96     6.24     4.84     3.92  3  -1.1e-09      0.00 7.245e-01 2.701e-01 8.606e-04 3.531e-04 2.367e-03 -1.000 5.407e-03 -1.599 0.708 0.054 -0.681 -1.136 -1.439 -2.084 -2.183
0.0054091 -0.45000 10.07918 0.8966397047 2.4483784519    0.879  2.586  3.6071  1.176    3  0.000  0.485    13.69     9.82     6.81     5.29     4.29  3 -1.28e-09      0.00 7.245e-01 2.701e-01 8.606e-04 3.531e-04 2.367e-03 -1.000 5.408e-03 -1.695 0.668 0.003 -0.742 -1.206 -1.513 -2.170 -2.271
0.0054091 -0.45000 10.07918 0.8966570497 2.4483831182    0.878  2.624  3.6041  1.126    3  0.000  0.485    15.21    10.75     7.43     5.78     4.68  3 -1.47e-09      0.00 7.245e-01 2.701e-01 8.606e-04 3.532e-04 2.367e-03 -1.000 5.408e-03 -1.790 0.631 -0.044 -0.801 -1.273 -1.583 -2.253 -2.357
0.0054091 -0.45000 10.07918 0.8966730833 2.4483874316    0.877  2.661  3.6011  1.076    3  0.000  0.485    16.89    11.77     8.09     6.30     5.11  3 -1.71e-09      0.00 7.245e-01 2.701e-01 8.606e-04 3.532e-04 2.367e-03 -1.000 5.408e-03 -1.883 0.595 -0.091 -0.858 -1.340 -1.653 -2.336 -2.441
0.0054091 -0.45000 10.07918 0.8966884613 2.4483915683    0.876  2.700  3.5981  1.025    3  0.000  0.485    18.79    12.89     8.83     6.89     5.59  3 -1.98e-09      0.00 7.245e-01 2.701e-01 8.606e-04 3.532e-04 2.367e-03 -1.000 5.408e-03 -1.979 0.559 -0.139 -0.916 -1.406 -1.723 -2.420 -2.527
0.0054091 -0.45000 10.07918 0.8967053294 2.4483961058    0.874  2.744  3.5944  0.965    3  0.000  0.485    21.34    14.38     9.80     7.66     6.21  2 -2.35e-09      0.00 7.245e-01 2.701e-01 8.606e-04 3.532e-04 2.367e-03 -1.000 5.408e-03 -2.091 0.525 -0.187 -0.977 -1.479 -1.801 -2.517 -2.627
0.0054091 -0.45000 10.07918 0.8967208862 2.4484002903    0.872  2.789  3.5907  0.905    3  0.000  0.485    24.20    16.02    10.86     8.50     6.90  2  -2.8e-09      0.00 7.245e-01 2.701e-01 8.606e-04 3.532e-04 2.367e-03 -1.000 5.408e-03 -2.202 0.494 -0.233 -1.037 -1.552 -1.877 -2.613 -2.726
0.0054091 -0.45000 10.07918 0.8967327476 2.4484034807    0.870  2.825  3.5878  0.855    3  0.000  0.485    26.82    17.50    11.82     9.26     7.52  2 -3.22e-09      0.00 7.245e-01 2.701e-01 8.606e-04 3.532e-04 2.367e-03 -1.000 5.408e-03 -2.293 0.471 -0.268 -1.083 -1.607 -1.935 -2.690 -2.807
0.0054091 -0.45000 10.07918 0.8967463374 2.4484071359    0.868  2.869  3.5839  0.795    3  0.000  0.485    30.45    19.51    13.11    10.29     8.36  2 -3.83e-09      0.00 7.245e-01 2.701e-01 8.605e-04 3.532e-04 2.367e-03 -1.000 5.408e-03 -2.404 0.447 -0.306 -1.133 -1.670 -2.003 -2.783 -2.903
0.0054091 -0.45000 10.07918 0.8967582583 2.4484103421    0.865  2.911  3.5803  0.738    3  0.000  0.485    34.33    21.62    14.46    11.37     9.24  2 -4.51e-09      0.00 7.245e-01 2.701e-01 8.605e-04 3.532e-04 2.367e-03 -1.000 5.408e-03 -2.507 0.427 -0.341 -1.180 -1.728 -2.065 -2.870 -2.993
0.0054091 -0.45000 10.07918 0.8967695832 2.4484133880    0.863  2.953  3.5766  0.679    3  0.000  0.485    38.78    24.01    15.98    12.59    10.22  2 -5.32e-09      0.00 7.245e-01 2.701e-01 8.605e-04 3.532e-04 2.367e-03 -1.000 5.408e-03 -2.612 0.412 -0.368 -1.216 -1.776 -2.116 -2.955 -3.083
0.0054091 -0.45000 10.07918 0.8967797160 2.4484161131    0.860  2.993  3.5729  0.623    3  0.000  0.485    43.62    26.55    17.59    13.88    11.28  2 -6.24e-09      0.00 7.245e-01 2.701e-01 8.605e-04 3.533e-04 2.367e-03 -1.000 5.408e-03 -2.713 0.401 -0.392 -1.249 -1.820 -2.163 -3.035 -3.168
0.0054091 -0.45000 10.07918 0.8967895508 2.4484187580    0.857  3.034  3.5691  0.565    3  0.000  0.485    49.22    29.44    19.42    15.34    12.47  1 -7.34e-09      0.00 7.245e-01 2.701e-01 8.605e-04 3.533e-04 2.367e-03 -1.000 5.408e-03 -2.815 0.393 -0.412 -1.277 -1.860 -2.205 -3.116 -3.254
0.0054091 -0.45000 10.07918 0.8967982531 2.4484210983    0.853  3.073  3.5655  0.511    3  0.000  0.485    55.21    32.48    21.33    16.88    13.72  1 -8.57e-09      0.00 7.245e-01 2.701e-01 8.605e-04 3.533e-04 2.367e-03 -1.000 5.408e-03 -2.911 0.394 -0.422 -1.291 -1.884 -2.231 -3.190 -3.333
0.0054091 -0.45000 10.07918 0.8968064189 2.4484232943    0.850  3.111  3.5618  0.456    3  0.000  0.485    61.91    35.82    23.41    18.56    15.09  1 -9.99e-09      0.00 7.245e-01 2.701e-01 8.605e-04 3.533e-04 2.367e-03 -1.000 5.408e-03 -3.007 0.402 -0.425 -1.299 -1.905 -2.254 -3.261 -3.411
0.0054091 -0.45000 10.07918 0.8968138099 2.4484252818    0.846  3.147  3.5582  0.403    3  0.000  0.485    69.17    39.37    25.62    20.34    16.54  1 -1.16e-08      0.00 7.245e-01 2.701e-01 8.605e-04 3.533e-04 2.367e-03 -1.000 5.408e-03 -3.098 0.420 -0.418 -1.295 -1.912 -2.263 -3.327 -3.483
0.0054091 -0.45000 10.07918 0.8968208432 2.4484271732    0.842  3.183  3.5544  0.349    3  0.000  0.485    77.36    43.32    28.07    22.32    18.15  1 -1.34e-08      0.00 7.245e-01 2.701e-01 8.605e-04 3.533e-04 2.367e-03 -1.000 5.408e-03 -3.189 0.446 -0.402 -1.278 -1.907 -2.257 -3.389 -3.552
0.0054091 -0.45000 10.07918 0.8968272805 2.4484289042    0.837  3.219  3.5507  0.297    3  0.000  0.485    86.32    47.56    30.68    24.43    19.88  1 -1.55e-08      0.00 7.245e-01 2.701e-01 8.605e-04 3.533e-04 2.367e-03 -1.000 5.408e-03 -3.277 0.473 -0.384 -1.258 -1.900 -2.250 -3.448 -3.619
0.0054091 -0.45000 10.07918 0.8968334794 2.4484305711    0.832  3.254  3.5468  0.243    3  0.000  0.485    96.56    52.31    33.60    26.80    21.81  1  -1.8e-08      0.00 7.245e-01 2.701e-01 8.605e-04 3.533e-04 2.367e-03 -1.000 5.408e-03 -3.366 0.517 -0.348 -1.215 -1.869 -2.219 -3.501 -3.681
0.0054091 -0.45000 10.07918 0.8968392015 2.4484321098    0.827  3.289  3.5432  0.192    3  0.000  0.485   107.58    57.34    36.67    29.30    23.84  1 -2.07e-08      0.00 7.245e-01 2.701e-01 8.605e-04 3.533e-04 2.367e-03 -1.000 5.408e-03 -3.451 0.563 -0.308 -1.168 -1.834 -2.182 -3.549 -3.739
0.0054091 -0.45000 10.07918 0.8968445659 2.4484335522    0.821  3.322  3.5395  0.141    3  0.000  0.485   119.67    62.76    39.97    31.98    26.03  1 -2.38e-08      0.00 7.245e-01 2.701e-01 8.605e-04 3.533e-04 2.367e-03 -1.000 5.408e-03 -3.535 0.611 -0.266 -1.118 -1.796 -2.142 -3.595 -3.794
0.0054091 -0.45000 10.07918 0.8968505859 2.4484351710    0.814  3.359  3.5354  0.084    3  0.000  0.485   134.85    69.42    44.00    35.28    28.72  1 -2.78e-08      0.00 7.245e-01 2.701e-01 8.605e-04 3.533e-04 2.367e-03 -1.000 5.408e-03 -3.627 0.680 -0.199 -1.037 -1.730 -2.074 -3.636 -3.847
0.0054091 -0.45000 10.07918 0.8968542814 2.4484361646    0.809  3.381  3.5329  0.048    3  0.000  0.485   143.95    73.88    46.69    37.47    30.51  1 -3.06e-08      0.00 7.245e-01 2.701e-01 8.605e-04 3.533e-04 2.367e-03 -1.000 5.408e-03 -3.683 0.726 -0.155 -0.984 -1.686 -2.027 -3.660 -3.879
0.0054091 -0.45000 10.07918 0.8968542814 2.4484361646    0.809  1.701  3.6978  2.388    4  0.000  0.494     0.00     0.00     0.00     0.00     0.00 -1    -1e-30      0.00 7.259e-01 2.687e-01 8.750e-04 3.356e-04 2.365e-03 -1.000 5.414e-03 0.518 1.625 1.263 0.808 0.532 0.321 -0.122 -0.182
0.0054091 -0.45000 10.07918 0.8969158530 2.4484527191    0.809  1.712  3.6970  2.374    4  0.000  0.494     0.00     0.00     0.00     0.00     0.00 -1    -1e-30      0.00 7.259e-01 2.687e-01 8.750e-04 3.356e-04 2.365e-03 -1.000 5.414e-03 0.490 1.604 1.241 0.784 0.507 0.295 -0.149 -0.210
0.0054091 -0.45000 10.07918 0.8969814777 2.4484703605    0.809  1.716  3.6968  2.369    4  0.000  0.494     0.00     0.00     0.00     0.00     0.00 -1    -1e-30      0.00 7.259e-01 2.687e-01 8.750e-04 3.356e-04 2.365e-03 -1.000 5.414e-03 0.481 1.597 1.233 0.776 0.498 0.286 -0.159 -0.219
0.0054091 -0.45000 10.07918 0.8970409036 2.4484863329    0.809  1.716  3.6969  2.369    4  0.000  0.494     0.00     0.00     0.00     0.00     0.00 -1    -1e-30      0.00 7.259e-01 2.687e-01 8.750e-04 3.356e-04 2.365e-03 -1.000 5.414e-03 0.479 1.593 1.230 0.773 0.495 0.283 -0.161 -0.221
0.0054091 -0.45000 10.07918 0.8971012831 2.4485025591    0.809  1.716  3.6973  2.372    4  0.000  0.494     0.00     0.00     0.00     0.00     0.00 -1    -1e-30      0.00 7.259e-01 2.687e-01 8.750e-04 3.356e-04 2.365e-03 -1.000 5.414e-03 0.481 1.592 1.229 0.773 0.496 0.284 -0.159 -0.219
0.0054091 -0.45000 10.07918 0.8971612453 2.4485186707    0.809  1.714  3.6979  2.375    4  0.000  0.494     0.00     0.00     0.00     0.00     0.00 -1    -1e-30      0.00 7.259e-01 2.687e-01 8.750e-04 3.356e-04 2.365e-03 -1.000 5.414e-03 0.485 1.591 1.229 0.774 0.498 0.287 -0.155 -0.215
0.0054091 -0.45000 10.07918 0.8972225785 2.4485351481    0.809  1.712  3.6985  2.380    4  0.000  0.494     0.00     0.00     0.00     0.00     0.00 -1    -1e-30      0.00 7.259e-01 2.687e-01 8.750e-04 3.356e-04 2.365e-03 -1.000 5.414e-03 0.490 1.591 1.230 0.777 0.502 0.291 -0.150 -0.210
0.0054091 -0.45000 10.07918 0.8972849846 2.4485519111    0.809  1.710  3.6992  2.385    4  0.000  0.494     0.00     0.00     0.00     0.00     0.00 -1    -1e-30      0.00 7.259e-01 2.687e-01 8.750e-04 3.356e-04 2.365e-03 -1.000 5.414e-03 0.496 1.591 1.232 0.780 0.506 0.296 -0.144 -0.204
0.0054091 -0.45000 10.07918 0.8973454237 2.4485681432    0.809  1.707  3.6998  2.390    4  0.000  0.494     0.00     0.00     0.00     0.00     0.00 -1    -1e-30      0.00 7.259e-01 2.687e-01 8.750e-04 3.356e-04 2.365e-03 -1.000 5.414e-03 0.501 1.591 1.233 0.782 0.509 0.300 -0.139 -0.198
0.0054091 -0.45000 10.07918 0.8974098563 2.4485854450    0.809  1.705  3.7004  2.394    4  0.000  0.494     0.00     0.00     0.00     0.00     0.00 -1    -1e-30      0.00 7.259e-01 2.687e-01 8.750e-04 3.356e-04 2.365e-03 -1.000 5.414e-03 0.507 1.591 1.234 0.785 0.513 0.304 -0.134 -0.193
0.0054091 -0.45000 10.07918 0.8974742889 2.4486027440    0.809  1.704  3.7009  2.398    4  0.000  0.494     0.00     0.00     0.00     0.00     0.00 -1    -1e-30      0.00 7.259e-01 2.687e-01 8.750e-04 3.356e-04 2.365e-03 -1.000 5.414e-03 0.511 1.590 1.235 0.787 0.516 0.307 -0.129 -0.188
0.0054091 -0.45000 10.07918 0.8975398540 2.4486203441    0.809  1.702  3.7014  2.402    4  0.000  0.494     0.00     0.00     0.00     0.00     0.00 -1    -1e-30      0.00 7.259e-01 2.687e-01 8.750e-04 3.356e-04 2.365e-03 -1.000 5.414e-03 0.515 1.590 1.236 0.789 0.518 0.310 -0.126 -0.184
0.0054091 -0.45000 10.07918 0.8976038098 2.4486375094    0.809  1.701  3.7018  2.405    4  0.000  0.494     0.00     0.00     0.00     0.00     0.00 -1    -1e-30      0.00 7.259e-01 2.687e-01 8.750e-04 3.356e-04 2.365e-03 -1.000 5.414e-03 0.518 1.590 1.236 0.790 0.520 0.313 -0.122 -0.181
0.0054091 -0.45000 10.07918 0.8976656795 2.4486541121    0.810  1.700  3.7022  2.407    4  0.000  0.494     0.00     0.00     0.00     0.00     0.00 -1    -1e-30      0.00 7.259e-01 2.687e-01 8.750e-04 3.356e-04 2.365e-03 -1.000 5.414e-03 0.520 1.589 1.236 0.791 0.522 0.315 -0.120 -0.178
0.0054091 -0.45000 10.07918 0.8977087140 2.4486656588    0.810  1.699  3.7024  2.409    4  0.000  0.494     0.00     0.00     0.00     0.00     0.00 -1    -1e-30      0.00 7.259e-01 2.687e-01 8.750e-04 3.356e-04 2.365e-03 -1.000 5.414e-03 0.522 1.588 1.236 0.792 0.523 0.316 -0.118 -0.177
0.0054091 -0.45000 10.07918 0.8977155089 2.4486674818    0.810  1.699  3.7025  2.409    4  0.000  0.494     0.00     0.00     0.00     0.00     0.00 -1    -1e-30      0.00 7.259e-01 2.687e-01 8.750e-04 3.356e-04 2.365e-03 -1.000 5.414e-03 0.522 1.588 1.236 0.792 0.523 0.316 -0.118 -0.177
0.0054091 -0.45000 10.07918 0.8977770209 2.4486839838    0.810  1.699  3.7028  2.411    4  0.000  0.494     0.00     0.00     0.00     0.00     0.00 -1    -1e-30      0.00 7.259e-01 2.687e-01 8.750e-04 3.356e-04 2.365e-03 -1.000 5.414e-03 0.523 1.587 1.236 0.792 0.523 0.317 -0.117 -0.175
0.0054091 -0.45000 10.07918 0.8978409171 2.4487011227    0.810  1.698  3.7030  2.412    4  0.000  0.494     0.00     0.00     0.00     0.00     0.00 -1    -1e-30      0.00 7.259e-01 2.687e-01 8.750e-04 3.356e-04 2.365e-03 -1.000 5.414e-03 0.524 1.586 1.235 0.792 0.523 0.317 -0.116 -0.174
0.0054091 -0.45000 10.07918 0.8979037404 2.4487179710    0.810  1.698  3.7032  2.413    4  0.000  0.494     0.00     0.00     0.00     0.00     0.00 -1    -1e-30      0.00 7.259e-01 2.687e-01 8.750e-04 3.356e-04 2.365e-03 -1.000 5.414e-03 0.524 1.584 1.234 0.791 0.523 0.317 -0.116 -0.174
0.0054091 -0.45000 10.07918 0.8979642391 2.4487341934    0.810  1.699  3.7033  2.413    4  0.000  0.494     0.00     0.00     0.00     0.00     0.00 -1    -1e-30      0.00 7.259e-01 2.687e-01 8.750e-04 3.356e-04 2.365e-03 -1.000 5.414e-03 0.523 1.582 1.232 0.790 0.522 0.316 -0.117 -0.175
0.0054091 -0.45000 10.07918 0.8980262876 2.4487508286    0.810  1.699  3.7034  2.412    4  0.000  0.494     0.00     0.00     0.00     0.00     0.00 -1    -1e-30      0.00 7.259e-01 2.687e-01 8.750e-04 3.356e-04 2.365e-03 -1.000 5.414e-03 0.522 1.580 1.230 0.788 0.520 0.314 -0.119 -0.177
0.0054091 -0.45000 10.07918 0.8980886340 2.4487675412    0.810  1.700  3.7033  2.411    4  0.000  0.494     0.00     0.00     0.00     0.00     0.00 -1    -1e-30      0.00 7.259e-01 2.687e-01 8.750e-04 3.356e-04 2.365e-03 -1.000 5.414e-03 0.519 1.578 1.228 0.785 0.517 0.311 -0.121 -0.179
0.0054091 -0.45000 10.07918 0.8981499672 2.4487839795    0.810  1.702  3.7032  2.409    4  0.000  0.494     0.00     0.00     0.00     0.00     0.00 -1    -1e-30      0.00 7.259e-01 2.687e-01 8.750e-04 3.356e-04 2.365e-03 -1.000 5.414e-03 0.515 1.575 1.225 0.782 0.514 0.308 -0.125 -0.183
0.0054091 -0.45000 10.07918 0.8981564045 2.4487857046    0.810  1.702  3.7032  2.409    4  0.000  0.494     0.00     0.00     0.00     0.00     0.00 -1    -1e-30      0.00 7.259e-01 2.687e-01 8.750e-04 3.356e-04 2.365e-03 -1.000 5.414e-03 0.515 1.575 1.225 0.782 0.513 0.307 -0.126 -0.184
0.0054091 -0.45000 10.07918 0.8981670737 2.4487885638    0.810  1.703  3.7031  2.408    4  0.000  0.494     0.00     0.00     0.00     0.00     0.00 -1    -1e-30      0.00 7.259e-01 2.687e-01 8.750e-04 3.356e-04 2.365e-03 -1.000 5.414e-03 0.514 1.575 1.224 0.781 0.513 0.306 -0.127 -0.185
0.0054091 -0.45000 10.07918 0.8982239366 2.4488038010    0.810  1.705  3.7029  2.405    4  0.000  0.494     0.00     0.00     0.00     0.00     0.00 -1    -1e-30      0.00 7.259e-01 2.687e-01 8.750e-04 3.356e-04 2.365e-03 -1.000 5.414e-03 0.508 1.572 1.220 0.777 0.508 0.301 -0.132 -0.190
0.0054091 -0.45000 10.07918 0.8982821107 2.4488193873    0.810  1.707  3.7026  2.402    4  0.000  0.494     0.00     0.00     0.00     0.00     0.00 -1    -1e-30      0.00 7.259e-01 2.687e-01 8.750e-04 3.356e-04 2.365e-03 -1.000 5.414e-03 0.502 1.568 1.216 0.772 0.502 0.296 -0.138 -0.196
0.0054091 -0.45000 10.07918 0.8983377218 2.4488342848    0.810  1.710  3.7023  2.398    4  0.000  0.494     0.00     0.00     0.00     0.00     0.00 -1    -1e-30      0.00 7.259e-01 2.687e-01 8.750e-04 3.356e-04 2.365e-03 -1.000 5.414e-03 0.495 1.564 1.211 0.766 0.496 0.289 -0.145 -0.204
0.0054091 -0.45000 10.07918 0.8983947635 2.4488495632    0.810  1.714  3.7017  2.391    4  0.000  0.494     0.00     0.00     0.00     0.00     0.00 -1    -1e-30      0.00 7.259e-01 2.687e-01 8.750e-04 3.356e-04 2.365e-03 -1.000 5.414e-03 0.485 1.558 1.204 0.758 0.487 0.280 -0.156 -0.214
0.0054091 -0.45000 10.07918 0.8984522223 2.4488649511    0.810  1.719  3.7011  2.384    4  0.000  0.494     0.00     0.00     0.00     0.00     0.00 -1    -1e-30      0.00 7.259e-01 2.687e-01 8.750e-04 3.356e-04 2.365e-03 -1.000 5.414e-03 0.473 1.552 1.196 0.749 0.477 0.269 -0.168 -0.226
0.0054091 -0.45000 10.07918 0.8985081315 2.4488799219    0.810  1.724  3.7004  2.376    4  0.000  0.494     0.00     0.00     0.00     0.00     0.00 -1    -1e-30      0.00 7.259e-01 2.687e-01 8.750e-04 3.356e-04 2.365e-03 -1.000 5.414e-03 0.460 1.545 1.188 0.738 0.466 0.257 -0.181 -0.240
0.0054091 -0.45000 10.07918 0.8985641003 2.4488949064    0.811  1.730  3.6997  2.368    4  0.000  0.494     0.00     0.00     0.00     0.00     0.00 -1    -1e-30      0.00 7.259e-01 2.687e-01 8.750e-04 3.356e-04 2.365e-03 -1.000 5.414e-03 0.446 1.537 1.178 0.727 0.454 0.244 -0.195 -0.254
0.0054091 -0.45000 10.07918 0.8986194730 2.4489097293    0.811  1.735  3.6991  2.360    4  0.000  0.494     0.00     0.00     0.00     0.00     0.00 -1    -1e-30      0.00 7.259e-01 2.687e-01 8.750e-04 3.356e-04 2.365e-03 -1.000 5.414e-03 0.432 1.528 1.168 0.716 0.441 0.231 -0.209 -0.268
0.0054091 -0.45000 10.07918 0.8986747265 2.4489245181    0.811  1.744  3.6980  2.347    4  0.000  0.494     0.00     0.00     0.00     0.00     0.00 -1    -1e-30      0.00 7.259e-01 2.687e-01 8.750e-04 3.356e-04 2.365e-03 -1.000 5.414e-03 0.411 1.517 1.155 0.699 0.423 0.212 -0.230 -0.290
0.0054091 -0.45000 10.07918 0.8987302780 2.4489393846    0.811  1.753  3.6969  2.333    4  0.000  0.494     0.00     0.00     0.00     0.00     0.00 -1    -1e-30      0.00 7.259e-01 2.687e-01 8.750e-04 3.356e-04 2.365e-03 -1.000 5.414e-03 0.387 1.504 1.139 0.681 0.403 0.191 -0.253 -0.314
0.0054091 -0.45000 10.07918 0.8987880349 2.4489548391    0.811  1.771  3.6949  2.308    4  0.000  0.494     0.00     0.00     0.00     0.00     0.00 -1    -1e-30      0.00 7.259e-01 2.687e-01 8.750e-04 3.356e-04 2.365e-03 -1.000 5.414e-03 0.344 1.479 1.109 0.646 0.365 0.152 -0.297 -0.358
0.0054091 -0.45000 10.07918 0.8988451362 2.4489701159    0.811  1.803  3.6912  2.261    4  0.000  0.494     0.00     0.00     0.00     0.00     0.00 -1    -1e-30      0.00 7.259e-01 2.687e-01 8.750e-04 3.356e-04 2.365e-03 -1.000 5.414e-03 0.263 1.433 1.054 0.582 0.295 0.078 -0.377 -0.439
0.0054091 -0.45000 10.07918 0.8988770843 2.4489786622    0.811  1.839  3.6872  2.208    4  0.000  0.494     0.00     0.00     0.00     0.00     0.00 -1    -1e-30      0.00 7.259e-01 2.687e-01 8.750e-04 3.356e-04 2.365e-03 -1.000 5.414e-03 0.171 1.381 0.993 0.510 0.217 -0.004 -0.467 -0.531
0.0054091 -0.45000 10.07918 0.8988931775 2.4489829671    0.811  1.877  3.6831  2.154    4  0.000  0.494     0.00     0.00     0.00     0.00     0.00 -1    -1e-30      0.00 7.259e-01 2.687e-01 8.750e-04 3.356e-04 2.365e-03 -1.000 5.414e-03 0.076 1.327 0.929 0.436 0.137 -0.089 -0.560 -0.625
0.0054091 -0.45000 10.07918 0.8989011645 2.4489851034    0.811  1.917  3.6788  2.097    4  0.000  0.494     0.00     0.00     0.00     0.00     0.00 -1    -1e-30      0.00 7.259e-01 2.687e-01 8.750e-04 3.356e-04 2.365e-03 -1.000 5.414e-03 -0.023 1.271 0.863 0.359 0.052 -0.177 -0.657 -0.724
0.0054091 -0.45000 10.07918 0.8989048600 2.4489860919    0.811  1.955  3.6749  2.044    4  0.000  0.494     0.00     0.00     0.00     0.00     0.00 -1    -1e-30      0.00 7.259e-01 2.687e-01 8.750e-04 3.356e-04 2.365e-03 -1.000 5.414e-03 -0.117 1.219 0.802 0.288 -0.026 -0.260 -0.747 -0.816
0.0054091 -0.45000 10.07918 0.8989068866 2.4489866340    0.811  1.991  3.6712  1.993    4  0.000  0.494     0.00     0.00     0.00     0.00     0.00 -1    -1e-30      0.00 7.259e-01 2.687e-01 8.750e-04 3.356e-04 2.365e-03 -1.000 5.414e-03 -0.208 1.170 0.742 0.217 -0.103 -0.341 -0.835 -0.906
0.0054091 -0.45000 10.07918 0.8989081979 2.4489869847    0.811  2.025  3.6678  1.945    4  0.000  0.494     0.00     0.00     0.00     0.00     0.00 -1    -1e-30      0.00 7.259e-01 2.687e-01 8.750e-04 3.356e-04 2.365e-03 -1.000 5.414e-03 -0.294 1.129 0.689 0.151 -0.177 -0.418 -0.919 -0.990
0.0054091 -0.45000 10.07918 0.8989086151 2.4489870963    0.811  2.040  3.6663  1.924    7  0.000  0.494     0.00     0.00     0.00     0.00     0.00 -1 -8.27e-10      0.00 7.259e-01 2.671e-01 8.750e-04 3.356e-04 2.365e-03 -1.000 6.988e-03 -0.331 1.112 0.666 0.122 -0.209 -0.452 -0.955 -1.027
0.0054091 -0.45000 10.07918 0.8989091516 2.4489872398    0.811  2.062  3.6642  1.894    7  0.000  0.494     0.00     0.00     0.00     0.00     0.00 -1 -9.34e-10      0.00 7.259e-01 2.671e-01 8.750e-04 3.356e-04 2.365e-03 -1.000 6.988e-03 -0.384 1.086 0.632 0.081 -0.254 -0.500 -1.006 -1.079
0.0054091 -0.45000 10.07918 0.8989102840 2.4489875427    0.811  2.108  3.6598  1.830    7  0.000  0.494     0.00     0.00     0.00     0.00     0.00 -1  -1.2e-09      0.00 7.259e-01 2.671e-01 8.750e-04 3.356e-04 2.365e-03 -1.000 6.989e-03 -0.500 1.032 0.559 -0.009 -0.353 -0.603 -1.117 -1.191
0.0054091 -0.45000 10.07918 0.8989114165 2.4489878456    0.811  2.150  3.6557  1.771    7  0.000  0.494     0.00     0.00     0.00     0.00     0.00 -1 -1.51e-09      0.00 7.259e-01 2.671e-01 8.750e-04 3.356e-04 2.365e-03 -1.000 6.989e-03 -0.606 0.984 0.495 -0.089 -0.441 -0.696 -1.217 -1.292
0.0054091 -0.45000 10.07918 0.8989138603 2.4489884993    0.811  2.193  3.6518  1.713    7  0.000  0.494     0.00     0.00     0.00     0.00     0.00 -1  -1.9e-09      0.00 7.259e-01 2.671e-01 8.750e-04 3.356e-04 2.365e-03 -1.000 6.989e-03 -0.713 0.934 0.429 -0.170 -0.530 -0.788 -1.317 -1.394
0.0054091 -0.45000 10.07918 0.8989169598 2.4489893283    0.810  2.164  3.6545  1.753    7  0.000  0.494     0.00     0.00     0.00     0.00     0.00 -1 -1.62e-09      0.00 7.259e-01 2.671e-01 8.750e-04 3.356e-04 2.365e-03 -1.000 6.989e-03 -0.640 0.968 0.474 -0.115 -0.469 -0.725 -1.249 -1.325
0.0054091 -0.45000 10.07918 0.8989443779 2.4489966615    0.809  2.122  3.6584  1.809    7  0.000  0.494     0.00     0.00     0.00     0.00     0.00 -1 -1.31e-09      0.00 7.259e-01 2.671e-01 8.750e-04 3.356e-04 2.365e-03 -1.000 6.989e-03 -0.536 1.015 0.537 -0.037 -0.383 -0.635 -1.151 -1.226
0.0054091 -0.45000 10.07918 0.8989735842 2.4490044725    0.807  2.156  3.6552  1.761    7  0.000  0.494     0.00     0.00     0.00     0.00     0.00 -1 -1.59e-09      0.00 7.259e-01 2.671e-01 8.750e-04 3.356e-04 2.365e-03 -1.000 6.989e-03 -0.620 0.978 0.487 -0.099 -0.453 -0.708 -1.230 -1.306
0.0054091 -0.45000 10.07918 0.8989946246 2.4490100992    0.805  2.194  3.6515  1.708    7  0.000  0.494     0.00     0.00     0.00     0.00     0.00 -1 -1.95e-09      0.00 7.259e-01 2.671e-01 8.750e-04 3.356e-04 2.365e-03 -1.000 6.988e-03 -0.715 0.936 0.429 -0.170 -0.530 -0.789 -1.318 -1.395
0.0054091 -0.45000 10.07918 0.8990097642 2.4490141477    0.804  2.223  3.6488  1.667    7  0.000  0.494     0.00     0.00     0.00     0.00     0.00 -1 -2.29e-09      0.00 7.259e-01 2.671e-01 8.750e-04 3.356e-04 2.365e-03 -1.000 6.989e-03 -0.788 0.904 0.385 -0.225 -0.591 -0.853 -1.386 -1.465
0.0054091 -0.45000 10.07918 0.8990276456 2.4490189292    0.802  2.260  3.6454  1.615    7  0.000  0.494     0.00     0.00     0.00     0.00     0.00 -1 -2.81e-09      0.00 7.259e-01 2.671e-01 8.750e-04 3.356e-04 2.365e-03 -1.000 6.989e-03 -0.880 0.865 0.330 -0.293 -0.665 -0.930 -1.471 -1.550
0.0054091 -0.45000 10.07918 0.8990442157 2.4490233598    0.799  2.298  3.6419  1.562    7  0.000  0.494     0.00     0.00     0.00     0.00     0.00 -1 -3.46e-09      0.00 7.259e-01 2.671e-01 8.750e-04 3.356e-04 2.365e-03 -1.000 6.989e-03 -0.975 0.824 0.273 -0.363 -0.742 -1.010 -1.557 -1.638
0.0054091 -0.45000 10.07918 0.8990591764 2.4490273600    0.797  2.336  3.6384  1.509    7  0.000  0.494     0.00     0.00     0.00     0.00     0.00 -1 -4.28e-09      0.00 7.259e-01 2.671e-01 8.750e-04 3.356e-04 2.365e-03 -1.000 6.988e-03 -1.071 0.784 0.216 -0.432 -0.818 -1.089 -1.643 -1.726
0.0054091 -0.45000 10.07918 0.8990727663 2.4490309935    0.794  2.376  3.6348  1.453    7  0.000  0.494     0.00     0.00     0.00     0.00     0.00 -1 -5.33e-09      0.00 7.259e-01 2.671e-01 8.750e-04 3.356e-04 2.365e-03 -1.000 6.986e-03 -1.169 0.744 0.162 -0.498 -0.892 -1.168 -1.732 -1.817
0.0054091 -0.45000 10.07918 0.8990849257 2.4490342444    0.791  2.415  3.6312  1.398    7  0.000  0.494     0.00     0.00     0.00     0.00     0.00 -1 -6.63e-09      0.00 7.259e-01 2.672e-01 8.749e-04 3.356e-04 2.365e-03 -1.000 6.956e-03 -1.268 0.702 0.108 -0.565 -0.968 -1.247 -1.822 -1.908
0.0054091 -0.45000 10.07918 0.8990957737 2.4490371447    0.787  2.455  3.6277  1.342    7  0.000  0.494     0.00     0.00     0.00     0.00     0.00 -1 -8.22e-09      0.00 7.259e-01 2.672e-01 8.748e-04 3.356e-04 2.365e-03 -1.000 6.914e-03 -1.367 0.662 0.055 -0.630 -1.041 -1.325 -1.910 -1.999
0.0054091 -0.45000 10.07918 0.8991057277 2.4490398058    0.783  2.494  3.6241  1.286    7  0.000  0.493     0.00     0.00     0.00     0.00     0.00 -1 -1.01e-08      0.00 7.259e-01 2.672e-01 8.744e-04 3.358e-04 2.365e-03 -1.000 6.912e-03 -1.465 0.625 0.005 -0.692 -1.113 -1.402 -1.998 -2.089
0.0054091 -0.45000 10.07918 0.8991146684 2.4490421960    0.779  2.533  3.6203  1.230    7  0.000  0.493    11.78     8.65     6.01     4.68     3.79  3 -1.26e-08      0.00 7.259e-01 2.672e-01 8.734e-04 3.363e-04 2.365e-03 -1.000 6.902e-03 -1.562 0.593 -0.040 -0.751 -1.182 -1.475 -2.083 -2.176
0.0054091 -0.45000 10.07918 0.8991231918 2.4490444746    0.773  2.572  3.6158  1.170    7  0.000  0.491    13.35     9.61     6.65     5.19     4.20  3 -1.56e-08      0.00 7.259e-01 2.672e-01 8.709e-04 3.381e-04 2.365e-03 -1.000 6.889e-03 -1.659 0.573 -0.075 -0.801 -1.244 -1.541 -2.166 -2.262
0.0054091 -0.45000 10.07918 0.8991311193 2.4490465938    0.767  2.610  3.6110  1.109    7  0.000  0.489    15.16    10.71     7.38     5.76     4.67  2 -1.92e-08      0.00 7.259e-01 2.672e-01 8.667e-04 3.421e-04 2.365e-03 -1.000 6.889e-03 -1.755 0.561 -0.104 -0.845 -1.301 -1.604 -2.246 -2.345
0.0054091 -0.45000 10.07918 0.8991388083 2.4490486492    0.760  2.650  3.6038  1.036    7  0.000  0.485    17.63    12.18     8.34     6.53     5.29  2 -2.43e-08      0.00 7.259e-01 2.672e-01 8.605e-04 3.492e-04 2.365e-03 -1.000 6.884e-03 -1.854 0.591 -0.095 -0.859 -1.335 -1.646 -2.318 -2.421
0.0054091 -0.45000 10.07918 0.8991463184 2.4490506568    0.750  2.690  3.6001  0.976    7  0.000  0.482    19.98    13.55     9.22     7.24     5.87  2 -3.07e-08      0.00 7.259e-01 2.673e-01 8.539e-04 3.571e-04 2.365e-03 -1.000 6.844e-03 -1.954 0.565 -0.136 -0.913 -1.401 -1.716 -2.404 -2.510
0.0054091 -0.45000 10.07918 0.8991531730 2.4490524891    0.740  2.728  3.5964  0.916    7  0.000  0.478    22.60    15.03    10.18     8.01     6.49  2 -3.85e-08      0.00 7.259e-01 2.673e-01 8.481e-04 3.643e-04 2.365e-03 -1.000 6.798e-03 -2.050 0.549 -0.167 -0.958 -1.457 -1.778 -2.485 -2.594
0.0054091 -0.45000 10.07918 0.8991598487 2.4490542735    0.727  2.769  3.5924  0.852    7  0.000  0.475    25.79    16.80    11.32     8.93     7.24  2 -4.93e-08      0.00 7.259e-01 2.673e-01 8.426e-04 3.710e-04 2.365e-03 -1.000 6.789e-03 -2.152 0.534 -0.198 -1.004 -1.516 -1.842 -2.570 -2.682
0.0054091 -0.45000 10.07918 0.8991653323 2.4490557393    0.713  2.808  3.5886  0.790    7  0.000  0.473    29.32    18.71    12.55     9.91     8.04  1 -6.25e-08      0.00 7.259e-01 2.673e-01 8.381e-04 3.765e-04 2.365e-03 -1.000 6.789e-03 -2.249 0.522 -0.225 -1.045 -1.570 -1.900 -2.650 -2.766
0.0054091 -0.45000 10.07918 0.8991690874 2.4490567431    0.702  2.839  3.5854  0.739    7  0.000  0.471    32.58    20.44    13.64    10.80     8.76  1 -7.55e-08      0.00 7.259e-01 2.673e-01 8.349e-04 3.804e-04 2.365e-03 -1.000 6.789e-03 -2.328 0.515 -0.244 -1.075 -1.610 -1.943 -2.715 -2.834
0.0054091 -0.45000 10.07918 0.8991720080 2.4490575237    0.691  2.871  3.5822  0.687    7  0.000  0.469    36.28    22.36    14.86    11.79     9.56  1 -9.25e-08      0.00 7.259e-01 2.673e-01 8.320e-04 3.840e-04 2.365e-03 -1.000 6.785e-03 -2.409 0.509 -0.263 -1.105 -1.650 -1.987 -2.780 -2.902
0.0054091 -0.45000 10.07918 0.8991746902 2.4490582407    0.679  2.906  3.5786  0.630    7  0.000  0.467    40.83    24.68    16.32    12.97    10.52  1 -1.15e-07      0.00 7.259e-01 2.674e-01 8.290e-04 3.877e-04 2.365e-03 -1.000 6.748e-03 -2.496 0.508 -0.278 -1.131 -1.688 -2.028 -2.849 -2.975
0.0054091 -0.45000 10.07918 0.8991771340 2.4490588939    0.665  2.942  3.5750  0.571    7  0.000  0.466    46.17    27.33    17.98    14.32    11.62  1 -1.43e-07      0.00 7.258e-01 2.674e-01 8.263e-04 3.909e-04 2.365e-03 -1.000 6.732e-03 -2.585 0.510 -0.289 -1.151 -1.720 -2.064 -2.918 -3.049
0.0054091 -0.45000 10.07918 0.8991791606 2.4490594356    0.650  2.973  3.5719  0.517    7  0.000  0.465    51.56    29.93    19.60    15.65    12.69  1 -1.76e-07      0.00 7.258e-01 2.674e-01 8.244e-04 3.932e-04 2.365e-03 -1.000 6.745e-03 -2.664 0.509 -0.301 -1.171 -1.751 -2.097 -2.980 -3.115
0.0054091 -0.45000 10.07918 0.8991814256 2.4490600410    0.630  3.010  3.5686  0.453    7  0.000  0.464    58.81    33.32    21.70    17.37    14.09  1 -2.31e-07      0.00 7.258e-01 2.674e-01 8.226e-04 3.954e-04 2.365e-03 -1.000 6.789e-03 -2.756 0.512 -0.313 -1.192 -1.784 -2.133 -3.053 -3.192
0.0054091 -0.45000 10.07918 0.8991839886 2.4490607260    0.598  3.053  3.5667  0.381    7  0.000  0.463    68.20    37.50    24.27    19.50    15.81  1 -3.28e-07      0.00 7.258e-01 2.674e-01 8.212e-04 3.971e-04 2.365e-03 -1.000 6.789e-03 -2.862 0.484 -0.356 -1.244 -1.847 -2.198 -3.146 -3.288
0.0054091 -0.45000 10.07918 0.8991855383 2.4490611402    0.572  3.066  3.5702  0.362    7  0.000  0.463    70.45    38.31    24.74    19.92    16.15  1 -4.01e-07      0.00 7.258e-01 2.674e-01 8.207e-04 3.978e-04 2.365e-03 -1.000 6.789e-03 -2.894 0.390 -0.452 -1.346 -1.942 -2.294 -3.199 -3.336
0.0054091 -0.45000 10.07918 0.8991855979 2.4490611562    0.571  3.065  3.5706  0.364    7  0.000  0.463    70.23    38.20    24.67    19.86    16.10  1 -4.02e-07      0.00 7.258e-01 2.674e-01 8.207e-04 3.978e-04 2.365e-03 -1.000 6.789e-03 -2.892 0.384 -0.458 -1.351 -1.946 -2.298 -3.199 -3.336
0.0054091 -0.45000 10.07918 0.8991856575 2.4490611721    0.570  3.064  3.5709  0.365    7  0.000  0.463    70.00    38.08    24.60    19.81    16.06  1 -4.03e-07      0.00 7.258e-01 2.674e-01 8.207e-04 3.978e-04 2.365e-03 -1.000 6.789e-03 -2.891 0.378 -0.463 -1.355 -1.950 -2.301 -3.199 -3.336
0.0054091 -0.45000 10.07918 0.8991857171 2.4490611880    0.568  3.063  3.5714  0.367    7  0.000  0.463    69.64    37.91    24.49    19.72    15.99  1 -4.04e-07      0.00 7.258e-01 2.674e-01 8.206e-04 3.978e-04 2.365e-03 -1.000 6.789e-03 -2.887 0.371 -0.469 -1.361 -1.954 -2.305 -3.198 -3.335
0.0054091 -0.45000 10.07918 0.8991858363 2.4490612199    0.567  3.072  3.5707  0.354    7  0.000  0.463    71.60    38.78    25.03    20.16    16.35  1 -4.23e-07      0.00 7.258e-01 2.674e-01 8.206e-04 3.979e-04 2.365e-03 -1.000 6.789e-03 -2.910 0.369 -0.475 -1.369 -1.965 -2.317 -3.217 -3.354
0.0054091 -0.45000 10.07918 0.8991858959 2.4490612358    0.565  3.078  3.5704  0.345    7  0.000  0.463    72.97    39.39    25.40    20.47    16.59  1 -4.39e-07      0.00 7.258e-01 2.674e-01 8.206e-04 3.979e-04 2.365e-03 -1.000 6.789e-03 -2.926 0.364 -0.481 -1.378 -1.975 -2.327 -3.231 -3.369
0.0054091 -0.45000 10.07918 0.8991860151 2.4490612677    0.563  3.085  3.5705  0.338    7  0.000  0.463    74.18    39.91    25.72    20.73    16.81  1 -4.57e-07      0.00 7.258e-01 2.674e-01 8.206e-04 3.979e-04 2.365e-03 -1.000 6.788e-03 -2.943 0.350 -0.497 -1.395 -1.992 -2.345 -3.248 -3.386
0.0054091 -0.45000 10.07918 0.8991861939 2.4490613155    0.560  3.095  3.5710  0.327    7  0.000  0.463    75.84    40.62    26.16    21.09    17.10  1 -4.87e-07      0.00 7.258e-01 2.674e-01 8.205e-04 3.980e-04 2.365e-03 -1.000 6.789e-03 -2.968 0.322 -0.527 -1.426 -2.023 -2.376 -3.275 -3.412
0.0054091 -0.45000 10.07918 0.8991863728 2.4490613633    0.555  3.106  3.5719  0.316    7  0.000  0.462    77.50    41.32    26.58    21.44    17.38  1 -5.24e-07      0.00 7.258e-01 2.674e-01 8.202e-04 3.983e-04 2.365e-03 -1.000 6.789e-03 -2.995 0.282 -0.568 -1.467 -2.063 -2.416 -3.307 -3.443
0.0054091 -0.45000 10.07918 0.8991866708 2.4490614429    0.548  3.118  3.5745  0.309    7  0.000  0.462    78.68    41.75    26.84    21.67    17.57  0 -5.77e-07      0.00 7.258e-01 2.674e-01 8.198e-04 3.988e-04 2.365e-03 -1.000 6.789e-03 -3.024 0.210 -0.639 -1.538 -2.128 -2.480 -3.349 -3.483
0.0054091 -0.45000 10.07918 0.8991870880 2.4490615545    0.537  3.130  3.5800  0.309    7  0.000  0.462    78.32    41.48    26.66    21.53    17.45  0 -6.51e-07      0.01 7.258e-01 2.674e-01 8.195e-04 3.992e-04 2.365e-03 -1.000 6.779e-03 -3.056 0.076 -0.768 -1.662 -2.240 -2.589 -3.410 -3.536
0.0054091 -0.45000 10.07918 0.8991872668 2.4490616023    0.530  3.137  3.5865  0.324    7  0.000  0.462    75.84    40.31    25.93    20.95    16.98  0 -6.98e-07      0.01 7.258e-01 2.674e-01 8.194e-04 3.993e-04 2.365e-03 -1.000 6.771e-03 -3.072 -0.063 -0.893 -1.774 -2.334 -2.677 -3.457 -3.577
0.0054091 -0.45000 10.07918 0.8991873860 2.4490616341    0.525  3.141  3.5947  0.348    7  0.000  0.462    71.82    38.48    24.80    20.03    16.23  0  -7.3e-07      0.01 7.258e-01 2.674e-01 8.194e-04 3.994e-04 2.365e-03 -1.000 6.771e-03 -3.083 -0.230 -1.040 -1.901 -2.437 -2.772 -3.506 -3.619
0.0054091 -0.45000 10.07918 0.8991875052 2.4490616660    0.516  3.144  3.5993  0.356    7  0.000  0.462    70.35    37.73    24.33    19.65    15.92  0 -7.48e-07      0.01 7.258e-01 2.674e-01 8.194e-04 3.994e-04 2.365e-03 -1.000 6.771e-03 -3.090 -0.320 -1.119 -1.968 -2.491 -2.822 -3.533 -3.642
0.0054091 -0.45000 10.07918 1.0214973688 2.4773067955    0.530 -9.999  3.6936  7.926    9  0.531  0.000     0.00     0.00     0.00     0.00     0.00 -1    -1e-30      0.00 7.202e-01 2.743e-01 8.367e-04 4.404e-04 2.392e-03 -1.000 5.422e-03 29.767 30.960 30.608 30.114 29.785 29.538 29.083 29.023
#isochrone terminated
