# File generated by CMD 3.8 (http://stev.oapd.inaf.it/cmd) on Tue Feb 11 16:15:35 UTC 2025
# isochrones based on PARSEC release v1.2S +  COLIBRI S_37 + S_35 + PR16
# Basic references: Bressan et al. (2012), MNRAS, 427, 127 + Chen et al. (2014, 2015), MNRAS, 444, 2525 + MNRAS, 452, 1068 + Tang et al. (2014), MNRAS, 445, 4287 + Marigo et al. (2017), ApJ, 835, 77 + Pastorelli al. (2019), MNRAS, 485, 5666 + Pastorelli al. (2020), MNRAS, in press
# Thermal pulse cycles included 
# On RGB, assumed Reimers mass loss with efficiency eta=0.2
# LPV periods and growth rates added cf. Trabucchi et al. (2019)
# but fundamental-mode LPV periods are from Trabucchi et al. (2021)
# Photometric system: HST/ACS WFC - updated filters and zeropoints, 2021
# Using YBC version of bolometric corrections as in Chen et al. (2019)
# O-rich circumstellar dpmod60alox40 dust from Groenewegen (2006)
# C-rich circumstellar AMCSIC15 dust from Groenewegen (2006)
# IMF: Kroupa (2001, 2002) + Kroupa et al. (2013) canonical two-part-power law IMF corrected for unresolved binaries 
# Kind of output: isochrone tables
 Zini     MH   logAge Mini        int_IMF         Mass   logL    logTe  logg  label   McoreTP C_O  period0  period1  period2  period3  period4  pmode  Mloss  tau1m   X   Y   Xc  Xn  Xo  Cexcess  Z 	 mbolmag  F435Wmag  F475Wmag  F555Wmag  F606Wmag  F625Wmag  F775Wmag  F814Wmag
0.0048313 -0.50000 10.07918 0.0900000036 1.0816895926    0.090 -3.324  3.4060  5.292    1  0.000  0.545     0.00     0.00     0.00     0.00     0.00 -1 -4.49e-17      0.00 7.359e-01 2.592e-01 8.868e-04 2.392e-04 2.170e-03 -1.000 4.931e-03 13.080 19.838 18.663 17.823 16.842 16.516 13.514 13.074
0.0048313 -0.50000 10.07918 0.1000000015 1.1711064122    0.100 -3.115  3.4359  5.248    1  0.000  0.545     0.00     0.00     0.00     0.00     0.00 -1 -7.26e-17      0.00 7.351e-01 2.600e-01 8.868e-04 2.392e-04 2.170e-03 -1.000 4.931e-03 12.557 18.570 17.526 16.679 15.790 15.460 12.789 12.408
0.0048313 -0.50000 10.07918 0.1172306314 1.3007849489    0.117 -2.881  3.4640  5.196    1  0.000  0.545     0.00     0.00     0.00     0.00     0.00 -1 -1.22e-16      0.00 7.338e-01 2.612e-01 8.868e-04 2.392e-04 2.170e-03 -1.000 4.931e-03 11.973 16.989 16.105 15.249 14.482 14.150 11.938 11.634
0.0048313 -0.50000 10.07918 0.1199999973 1.3193154249    0.120 -2.847  3.4682  5.188    1  0.000  0.545     0.00     0.00     0.00     0.00     0.00 -1 -1.31e-16      0.00 7.336e-01 2.614e-01 8.868e-04 2.392e-04 2.170e-03 -1.000 4.931e-03 11.887 16.768 15.905 15.046 14.295 13.962 11.818 11.524
0.0048313 -0.50000 10.07918 0.1400000006 1.4384526719    0.140 -2.661  3.4876  5.147    1  0.000  0.545     0.00     0.00     0.00     0.00     0.00 -1 -1.78e-16      0.00 7.324e-01 2.626e-01 8.868e-04 2.392e-04 2.170e-03 -1.000 4.931e-03 11.422 15.707 14.928 14.056 13.372 13.035 11.207 10.957
0.0048313 -0.50000 10.07918 0.1599999964 1.5372931554    0.160 -2.517  3.5008  5.114    1  0.000  0.545     0.00     0.00     0.00     0.00     0.00 -1 -2.65e-16      0.00 7.313e-01 2.637e-01 8.868e-04 2.392e-04 2.170e-03 -1.000 4.931e-03 11.063 14.994 14.263 13.391 12.744 12.404 10.767 10.542
0.0048313 -0.50000 10.07918 0.1999999881 1.6938790356    0.200 -2.293  3.5186  5.058    1  0.000  0.545     0.00     0.00     0.00     0.00     0.00 -1 -4.23e-16      0.00 7.298e-01 2.653e-01 8.868e-04 2.393e-04 2.170e-03 -1.000 4.931e-03 10.502 14.017 13.338 12.477 11.865 11.523 10.116 9.921
0.0048313 -0.50000 10.07918 0.2500000000 1.8403257998    0.250 -2.081  3.5325  4.999    1  0.000  0.545     0.00     0.00     0.00     0.00     0.00 -1  -3.4e-18      0.00 7.290e-01 2.661e-01 8.868e-04 2.393e-04 2.170e-03 -1.000 4.931e-03 9.972 13.211 12.570 11.729 11.140 10.798 9.533 9.357
0.0048313 -0.50000 10.07918 0.3000000119 1.9529139769    0.300 -1.918  3.5421  4.953    1  0.000  0.545     0.00     0.00     0.00     0.00     0.00 -1 -9.99e-17      0.00 7.289e-01 2.661e-01 8.868e-04 2.393e-04 2.170e-03 -1.000 4.931e-03 9.566 12.639 12.021 11.196 10.619 10.278 9.096 8.931
0.0048313 -0.50000 10.07918 0.3499999642 2.0434174156    0.350 -1.777  3.5503  4.913    1  0.000  0.545     0.00     0.00     0.00     0.00     0.00 -1 -3.26e-18      0.00 7.373e-01 2.577e-01 8.868e-04 2.392e-04 2.170e-03 -1.000 4.931e-03 9.214 12.154 11.553 10.742 10.174 9.834 8.720 8.565
0.0048313 -0.50000 10.07918 0.3999999762 2.1185023988    0.400 -1.623  3.5619  4.863    1  0.000  0.545     0.00     0.00     0.00     0.00     0.00 -1 -1.75e-15      0.00 7.376e-01 2.575e-01 8.868e-04 2.392e-04 2.170e-03 -1.000 4.931e-03 8.828 11.596 11.016 10.221 9.664 9.325 8.306 8.163
0.0048313 -0.50000 10.07918 0.4499999881 2.1822809009    0.450 -1.453  3.5770  4.804    1  0.000  0.545     0.00     0.00     0.00     0.00     0.00 -1 -2.62e-15      0.00 7.376e-01 2.575e-01 8.868e-04 2.392e-04 2.170e-03 -1.000 4.931e-03 8.403 10.968 10.411 9.640 9.096 8.759 7.850 7.722
0.0048313 -0.50000 10.07918 0.4999999404 2.2374540715    0.500 -1.268  3.5976  4.748    1  0.000  0.545     0.00     0.00     0.00     0.00     0.00 -1 -4.05e-15      0.00 7.376e-01 2.575e-01 8.868e-04 2.392e-04 2.170e-03 -1.000 4.931e-03 7.941 10.251 9.727 8.993 8.474 8.143 7.355 7.244
0.0048313 -0.50000 10.07918 0.5213494897 2.2584302768    0.521 -1.175  3.6104  4.724    1  0.000  0.545     0.00     0.00     0.00     0.00     0.00 -1 -5.05e-15      0.00 7.516e-01 2.437e-01 8.430e-04 2.275e-04 2.064e-03 -1.000 4.695e-03 7.708 9.864 9.365 8.660 8.161 7.837 7.108 7.005
0.0048313 -0.50000 10.07918 0.5500000119 2.2836582633    0.550 -1.057  3.6266  4.693    1  0.000  0.544     0.00     0.00     0.00     0.00     0.00 -1 -6.69e-15      0.00 7.691e-01 2.265e-01 7.886e-04 2.129e-04 1.932e-03 -1.000 4.405e-03 7.412 9.370 8.904 8.241 7.773 7.461 6.799 6.706
0.0048313 -0.50000 10.07918 0.5999999642 2.3211212854    0.600 -0.856  3.6591  4.661    1  0.000  0.544     0.00     0.00     0.00     0.00     0.00 -1 -1.05e-14      0.00 7.740e-01 2.217e-01 7.745e-04 2.092e-04 1.898e-03 -1.000 4.293e-03 6.911 8.430 8.034 7.471 7.083 6.806 6.270 6.195
0.0048313 -0.50000 10.07918 0.6137365699 2.3301924351    0.613 -0.800  3.6687  4.653    1  0.000  0.544     0.00     0.00     0.00     0.00     0.00 -1  -1.2e-14      0.00 7.753e-01 2.204e-01 7.707e-04 2.081e-04 1.889e-03 -1.000 4.284e-03 6.770 8.175 7.794 7.259 6.895 6.630 6.122 6.052
0.0048313 -0.50000 10.07918 0.6499999166 2.3520352771    0.650 -0.655  3.6932  4.631    1  0.000  0.544     0.00     0.00     0.00     0.00     0.00 -1 -1.66e-14      0.00 7.788e-01 2.169e-01 7.606e-04 2.055e-04 1.866e-03 -1.000 4.260e-03 6.409 7.566 7.217 6.744 6.434 6.200 5.747 5.687
0.0048313 -0.50000 10.07918 0.6566753387 2.3557549620    0.657 -0.629  3.6973  4.626    1  0.000  0.544     0.00     0.00     0.00     0.00     0.00 -1 -1.77e-14      0.00 7.796e-01 2.161e-01 7.582e-04 2.048e-04 1.860e-03 -1.000 4.234e-03 6.343 7.465 7.121 6.657 6.355 6.126 5.681 5.622
0.0048313 -0.50000 10.07918 0.6698004007 2.3628205034    0.670 -0.578  3.7053  4.614    1  0.000  0.544     0.00     0.00     0.00     0.00     0.00 -1    -2e-14      0.00 7.812e-01 2.146e-01 7.534e-04 2.035e-04 1.848e-03 -1.000 4.212e-03 6.214 7.270 6.936 6.489 6.203 5.983 5.552 5.496
0.0048313 -0.50000 10.07918 0.6825142503 2.3693675511    0.682 -0.527  3.7128  4.603    1  0.000  0.543     0.00     0.00     0.00     0.00     0.00 -1 -1.97e-14      0.00 7.828e-01 2.130e-01 7.486e-04 2.023e-04 1.837e-03 -1.000 4.191e-03 6.089 7.085 6.762 6.331 6.058 5.846 5.429 5.376
0.0048313 -0.50000 10.07918 0.6943415999 2.3752111876    0.694 -0.481  3.7198  4.591    1  0.000  0.543     0.00     0.00     0.00     0.00     0.00 -1  -4.1e-15      0.00 7.843e-01 2.116e-01 7.442e-04 2.011e-04 1.827e-03 -1.000 4.181e-03 5.972 6.917 6.603 6.187 5.924 5.720 5.315 5.264
0.0048313 -0.50000 10.07918 0.6999999881 2.3779266974    0.700 -0.458  3.7230  4.585    1  0.000  0.543     0.00     0.00     0.00     0.00     0.00 -1 -2.66e-14      0.00 7.850e-01 2.109e-01 7.420e-04 2.005e-04 1.821e-03 -1.000 4.168e-03 5.916 6.839 6.530 6.119 5.862 5.661 5.261 5.211
0.0048313 -0.50000 10.07918 0.7102496028 2.3827191135    0.710 -0.417  3.7288  4.574    1  0.000  0.542     0.00     0.00     0.00     0.00     0.00 -1 -2.94e-14      0.00 7.865e-01 2.094e-01 7.357e-04 1.994e-04 1.811e-03 -1.000 4.105e-03 5.812 6.696 6.396 5.996 5.747 5.552 5.161 5.113
0.0048313 -0.50000 10.07918 0.7206848860 2.3874376437    0.720 -0.374  3.7346  4.560    1  0.000  0.540     0.00     0.00     0.00     0.00     0.00 -1 -3.27e-14      0.00 7.880e-01 2.079e-01 7.292e-04 1.982e-04 1.801e-03 -1.000 4.092e-03 5.706 6.553 6.261 5.873 5.632 5.441 5.060 5.013
0.0048313 -0.50000 10.07918 0.7308945060 2.3919044965    0.731 -0.332  3.7401  4.547    1  0.000  0.538     0.00     0.00     0.00     0.00     0.00 -1 -3.64e-14      0.00 7.895e-01 2.065e-01 7.230e-04 1.969e-04 1.791e-03 -1.000 4.075e-03 5.601 6.413 6.130 5.752 5.519 5.333 4.960 4.915
0.0048313 -0.50000 10.07918 0.7404903769 2.3959739492    0.740 -0.293  3.7452  4.533    1  0.000  0.537     0.00     0.00     0.00     0.00     0.00 -1 -2.17e-15      0.00 7.909e-01 2.051e-01 7.171e-04 1.958e-04 1.781e-03 -1.000 4.046e-03 5.501 6.284 6.009 5.640 5.413 5.232 4.867 4.824
0.0048313 -0.50000 10.07918 0.7487857342 2.3993953806    0.748 -0.258  3.7494  4.520    1  0.000  0.536     0.00     0.00     0.00     0.00     0.00 -1 -4.23e-14      0.00 7.921e-01 2.039e-01 7.121e-04 1.949e-04 1.773e-03 -1.000 4.026e-03 5.414 6.172 5.903 5.542 5.321 5.144 4.786 4.744
0.0048313 -0.50000 10.07918 0.7614312768 2.4044464598    0.761 -0.204  3.7550  4.495    1  0.000  0.535     0.00     0.00     0.00     0.00     0.00 -1 -2.57e-14      0.00 7.946e-01 2.014e-01 7.049e-04 1.930e-04 1.756e-03 -1.000 3.986e-03 5.279 6.006 5.747 5.395 5.181 5.009 4.659 4.618
0.0048313 -0.50000 10.07918 0.7740053535 2.4092812574    0.773 -0.148  3.7602  4.467    1  0.000  0.535     0.00     0.00     0.00     0.00     0.00 -1  -3.8e-14      0.00 7.972e-01 1.989e-01 6.976e-04 1.910e-04 1.738e-03 -1.000 3.938e-03 5.141 5.839 5.588 5.246 5.039 4.871 4.529 4.490
0.0048313 -0.50000 10.07918 0.7855273485 2.4135555974    0.785 -0.096  3.7647  4.439    1  0.000  0.535     0.00     0.00     0.00     0.00     0.00 -1 -7.42e-16      0.00 7.996e-01 1.965e-01 6.908e-04 1.892e-04 1.722e-03 -1.000 3.942e-03 5.009 5.683 5.440 5.107 4.906 4.742 4.407 4.369
0.0048313 -0.50000 10.07918 0.7960668206 2.4173410982    0.795 -0.046  3.7685  4.410    1  0.000  0.535     0.00     0.00     0.00     0.00     0.00 -1 -4.47e-14      0.00 8.018e-01 1.943e-01 6.844e-04 1.874e-04 1.707e-03 -1.000 3.907e-03 4.884 5.537 5.301 4.976 4.779 4.618 4.289 4.252
0.0048313 -0.50000 10.07918 0.7975714207 2.4178721341    0.797 -0.038  3.7691  4.406    1  0.000  0.535     0.00     0.00     0.00     0.00     0.00 -1 -8.04e-14      0.00 8.021e-01 1.940e-01 6.835e-04 1.872e-04 1.705e-03 -1.000 3.905e-03 4.866 5.515 5.281 4.956 4.760 4.600 4.272 4.235
0.0048313 -0.50000 10.07918 0.8020785451 2.4194491831    0.801 -0.016  3.7705  4.392    1  0.000  0.534     0.00     0.00     0.00     0.00     0.00 -1 -8.58e-14      0.00 8.034e-01 1.927e-01 6.800e-04 1.863e-04 1.696e-03 -1.000 3.887e-03 4.810 5.451 5.219 4.898 4.704 4.545 4.219 4.183
0.0048313 -0.50000 10.07918 0.8098648190 2.4221261113    0.809  0.024  3.7729  4.365    1  0.000  0.534     0.00     0.00     0.00     0.00     0.00 -1 -2.37e-14      0.00 8.056e-01 1.906e-01 6.738e-04 1.846e-04 1.681e-03 -1.000 3.830e-03 4.710 5.338 5.111 4.795 4.603 4.446 4.125 4.089
0.0048313 -0.50000 10.07918 0.8173079491 2.4246303077    0.816  0.063  3.7749  4.338    1  0.000  0.534     0.00     0.00     0.00     0.00     0.00 -1 -3.56e-14      0.00 8.077e-01 1.885e-01 6.678e-04 1.830e-04 1.667e-03 -1.000 3.788e-03 4.613 5.230 5.007 4.694 4.505 4.350 4.032 3.997
0.0048313 -0.50000 10.07918 0.8244414926 2.4269816106    0.823  0.101  3.7765  4.311    1  0.000  0.534     0.00     0.00     0.00     0.00     0.00 -1 -5.25e-14      0.00 8.097e-01 1.866e-01 6.623e-04 1.815e-04 1.654e-03 -1.000 3.748e-03 4.518 5.126 4.906 4.597 4.410 4.256 3.941 3.906
0.0048313 -0.50000 10.07918 0.8344485760 2.4302022769    0.833  0.157  3.7781  4.266    1  0.000  0.534     0.00     0.00     0.00     0.00     0.00 -1 -9.18e-14      0.00 8.110e-01 1.853e-01 6.587e-04 1.806e-04 1.645e-03 -1.000 3.727e-03 4.378 4.976 4.760 4.455 4.270 4.118 3.805 3.770
0.0048313 -0.50000 10.07918 0.8378937840 2.4312906268    0.837  0.177  3.7786  4.250    1  0.000  0.534     0.00     0.00     0.00     0.00     0.00 -1 -5.04e-15      0.00 8.111e-01 1.851e-01 6.586e-04 1.805e-04 1.645e-03 -1.000 3.746e-03 4.328 4.923 4.707 4.404 4.220 4.068 3.756 3.721
0.0048313 -0.50000 10.07918 0.8459762931 2.4338039471    0.845  0.228  3.7786  4.203    1  0.000  0.534     0.00     0.00     0.00     0.00     0.00 -1 -1.56e-13      0.00 8.108e-01 1.854e-01 6.602e-04 1.810e-04 1.649e-03 -1.000 3.746e-03 4.200 4.794 4.579 4.276 4.092 3.940 3.629 3.594
0.0048313 -0.50000 10.07918 0.8463571072 2.4339210032    0.845  0.230  3.7785  4.201    1  0.000  0.534     0.00     0.00     0.00     0.00     0.00 -1 -1.83e-13      0.00 8.108e-01 1.855e-01 6.603e-04 1.810e-04 1.650e-03 -1.000 3.746e-03 4.194 4.788 4.573 4.270 4.086 3.934 3.622 3.588
0.0048313 -0.50000 10.07918 0.8493685722 2.4348424291    0.848  0.250  3.7783  4.181    1  0.000  0.534     0.00     0.00     0.00     0.00     0.00 -1 -1.95e-13      0.00 8.108e-01 1.855e-01 6.608e-04 1.811e-04 1.651e-03 -1.000 3.742e-03 4.145 4.739 4.524 4.221 4.037 3.885 3.573 3.538
0.0048313 -0.50000 10.07918 0.8568487167 2.4370989548    0.855  0.303  3.7762  4.124    1  0.000  0.533     0.00     0.00     0.00     0.00     0.00 -1 -2.35e-13      0.00 8.092e-01 1.870e-01 6.680e-04 1.831e-04 1.669e-03 -1.000 3.778e-03 4.012 4.616 4.398 4.091 3.905 3.752 3.437 3.402
0.0048313 -0.50000 10.07918 0.8581155539 2.4374766427    0.857  0.312  3.7757  4.113    1  0.000  0.533     0.00     0.00     0.00     0.00     0.00 -1 -2.44e-13      0.00 8.086e-01 1.876e-01 6.705e-04 1.838e-04 1.676e-03 -1.000 3.781e-03 3.989 4.595 4.376 4.068 3.882 3.728 3.413 3.378
0.0048313 -0.50000 10.07918 0.8632459641 2.4389931688    0.862  0.353  3.7713  4.058    2  0.000  0.533     0.00     0.00     0.00     0.00     0.00 -1  -2.8e-13      0.00 8.012e-01 1.948e-01 6.963e-04 1.909e-04 1.740e-03 -1.000 3.939e-03 3.888 4.514 4.289 3.973 3.782 3.626 3.303 3.267
0.0048313 -0.50000 10.07918 0.8680129051 2.4403837938    0.866  0.391  3.7636  3.991    2  0.000  0.534     0.00     0.00     0.00     0.00     0.00 -1 -6.98e-14      0.00 7.874e-01 2.084e-01 7.387e-04 2.025e-04 1.845e-03 -1.000 4.203e-03 3.792 4.458 4.220 3.891 3.691 3.529 3.195 3.156
0.0048313 -0.50000 10.07918 0.8711159229 2.4412796158    0.869  0.414  3.7539  3.931    2  0.000  0.535     0.00     0.00     0.00     0.00     0.00 -1 -9.05e-14      0.00 7.747e-01 2.209e-01 7.742e-04 2.120e-04 1.930e-03 -1.000 4.371e-03 3.735 4.454 4.199 3.853 3.642 3.473 3.123 3.082
0.0048313 -0.50000 10.07918 0.8730815649 2.4418432973    0.871  0.427  3.7440  3.879    2  0.000  0.536     0.00     0.00     0.00     0.00     0.00 -1 -1.11e-13      0.00 7.664e-01 2.291e-01 7.962e-04 2.179e-04 1.982e-03 -1.000 4.479e-03 3.702 4.476 4.206 3.843 3.620 3.443 3.078 3.034
0.0048313 -0.50000 10.07918 0.8747730851 2.4423260383    0.873  0.444  3.7333  3.820    2  0.000  0.536     0.00     0.00     0.00     0.00     0.00 -1 -1.36e-13      0.00 7.600e-01 2.354e-01 8.130e-04 2.223e-04 2.022e-03 -1.000 4.584e-03 3.660 4.500 4.212 3.830 3.595 3.409 3.027 2.979
0.0048313 -0.50000 10.07918 0.8761159182 2.4427077419    0.874  0.471  3.7248  3.760    2  0.000  0.536     0.00     0.00     0.00     0.00     0.00 -1 -1.67e-13      0.00 7.556e-01 2.398e-01 8.239e-04 2.253e-04 2.048e-03 -1.000 4.664e-03 3.591 4.486 4.184 3.787 3.541 3.349 2.953 2.903
0.0048313 -0.50000 10.07918 0.8772159219 2.4430194195    0.875  0.508  3.7192  3.701    2  0.000  0.537     0.00     0.00     0.00     0.00     0.00 -1 -2.07e-13      0.00 7.522e-01 2.431e-01 8.316e-04 2.273e-04 2.066e-03 -1.000 4.703e-03 3.500 4.432 4.121 3.714 3.462 3.265 2.860 2.808
0.0048313 -0.50000 10.07918 0.8777511120 2.4431707367    0.876  0.530  3.7169  3.670    2  0.000  0.537     0.00     0.00     0.00     0.00     0.00 -1 -2.33e-13      0.00 7.506e-01 2.447e-01 8.349e-04 2.282e-04 2.074e-03 -1.000 4.715e-03 3.446 4.393 4.079 3.668 3.413 3.214 2.806 2.753
0.0048313 -0.50000 10.07918 0.8783982992 2.4433534362    0.876  0.561  3.7147  3.630    3  0.000  0.537     0.00     0.00     0.00     0.00     0.00 -1 -2.72e-13      0.00 7.487e-01 2.466e-01 8.382e-04 2.291e-04 2.082e-03 -1.000 4.726e-03 3.367 4.329 4.012 3.596 3.339 3.138 2.726 2.673
0.0048313 -0.50000 10.07918 0.8792015314 2.4435797567    0.877  0.605  3.7123  3.578    3  0.000  0.537     0.00     0.00     0.00     0.00     0.00 -1 -3.32e-13      0.00 7.462e-01 2.490e-01 8.419e-04 2.301e-04 2.091e-03 -1.000 4.771e-03 3.259 4.237 3.916 3.496 3.236 3.034 2.618 2.564
0.0048313 -0.50000 10.07918 0.8798877597 2.4437727336    0.878  0.646  3.7107  3.530    3  0.000  0.537     0.00     0.00     0.00     0.00     0.00 -1 -4.01e-13      0.00 7.440e-01 2.512e-01 8.442e-04 2.309e-04 2.097e-03 -1.000 4.765e-03 3.155 4.144 3.820 3.398 3.136 2.934 2.514 2.460
0.0048313 -0.50000 10.07918 0.8805532455 2.4439595471    0.878  0.689  3.7092  3.481    3  0.000  0.536     0.00     0.00     0.00     0.00     0.00 -1 -4.86e-13      0.00 7.417e-01 2.535e-01 8.451e-04 2.319e-04 2.103e-03 -1.000 4.764e-03 3.047 4.046 3.720 3.296 3.032 2.828 2.407 2.351
0.0048313 -0.50000 10.07918 0.8811225295 2.4441190975    0.879  0.729  3.7080  3.437    3  0.000  0.534     0.00     0.00     0.00     0.00     0.00 -1 -5.79e-13      0.00 7.397e-01 2.556e-01 8.443e-04 2.333e-04 2.107e-03 -1.000 4.783e-03 2.947 3.956 3.628 3.201 2.935 2.731 2.307 2.251
0.0048313 -0.50000 10.07918 0.8816779256 2.4442745273    0.879  0.771  3.7069  3.390    3  0.000  0.531     0.00     0.00     0.00     0.00     0.00 -1 -6.94e-13      0.00 7.376e-01 2.576e-01 8.405e-04 2.366e-04 2.111e-03 -1.000 4.783e-03 2.841 3.859 3.529 3.100 2.833 2.628 2.202 2.146
0.0048313 -0.50000 10.07918 0.8822124600 2.4444239064    0.880  0.815  3.7057  3.343    3  0.000  0.526     0.00     0.00     0.00     0.00     0.00 -1 -8.35e-13      0.00 7.356e-01 2.596e-01 8.341e-04 2.425e-04 2.114e-03 -1.000 4.793e-03 2.733 3.760 3.428 2.996 2.728 2.522 2.094 2.037
0.0048313 -0.50000 10.07918 0.8826729655 2.4445524308    0.880  0.855  3.7046  3.298    3  0.000  0.520     0.00     0.00     0.00     0.00     0.00 -1 -9.88e-13      0.00 7.339e-01 2.613e-01 8.257e-04 2.511e-04 2.116e-03 -1.000 4.819e-03 2.633 3.668 3.334 2.900 2.631 2.424 1.994 1.937
0.0048313 -0.50000 10.07918 0.8831518888 2.4446859320    0.881  0.900  3.7034  3.248    3  0.000  0.513     0.00     0.00     0.00     0.00     0.00 -1 -1.19e-12      0.00 7.321e-01 2.630e-01 8.156e-04 2.630e-04 2.119e-03 -1.000 4.848e-03 2.520 3.565 3.228 2.792 2.522 2.314 1.882 1.824
0.0048313 -0.50000 10.07918 0.8835657835 2.4448011722    0.881  0.942  3.7022  3.202    3  0.000  0.507     0.00     0.00     0.00     0.00     0.00 -1 -1.42e-12      0.00 7.308e-01 2.644e-01 8.064e-04 2.741e-04 2.120e-03 -1.000 4.835e-03 2.416 3.469 3.131 2.693 2.421 2.212 1.778 1.720
0.0048313 -0.50000 10.07918 0.8839283586 2.4449020216    0.881  0.981  3.7010  3.158    3  0.000  0.502     0.00     0.00     0.00     0.00     0.00 -1 -1.66e-12      0.00 7.298e-01 2.654e-01 7.991e-04 2.833e-04 2.121e-03 -1.000 4.827e-03 2.318 3.379 3.039 2.599 2.325 2.116 1.680 1.621
0.0048313 -0.50000 10.07918 0.8842787147 2.4449993820    0.882  1.022  3.6997  3.112    3  0.000  0.498     0.00     0.00     0.00     0.00     0.00 -1 -1.97e-12      0.00 7.289e-01 2.663e-01 7.926e-04 2.916e-04 2.122e-03 -1.000 4.825e-03 2.214 3.286 2.943 2.501 2.226 2.016 1.577 1.518
0.0048313 -0.50000 10.07918 0.8846051097 2.4450900041    0.882  1.064  3.6983  3.065    3  0.000  0.494     0.00     0.00     0.00     0.00     0.00 -1 -2.33e-12      0.00 7.281e-01 2.671e-01 7.870e-04 2.987e-04 2.123e-03 -1.000 4.839e-03 2.111 3.195 2.849 2.404 2.127 1.916 1.474 1.415
0.0048313 -0.50000 10.07918 0.8849892020 2.4451965470    0.882  1.117  3.6964  3.004    3  0.000  0.492     0.00     0.00     0.00     0.00     0.00 -1 -2.88e-12      0.00 7.274e-01 2.677e-01 7.829e-04 3.041e-04 2.124e-03 -1.000 4.855e-03 1.977 3.077 2.728 2.278 1.999 1.786 1.341 1.281
0.0048313 -0.50000 10.07918 0.8852450848 2.4452674671    0.882  1.156  3.6949  2.959    3  0.000  0.490     0.00     0.00     0.00     0.00     0.00 -1 -3.37e-12      0.00 7.271e-01 2.681e-01 7.804e-04 3.074e-04 2.124e-03 -1.000 4.833e-03 1.879 2.993 2.640 2.187 1.905 1.691 1.244 1.183
0.0048313 -0.50000 10.07918 0.8854842186 2.4453337024    0.883  1.196  3.6934  2.914    3  0.000  0.489     0.00     0.00     0.00     0.00     0.00 -1 -3.93e-12      0.00 7.268e-01 2.684e-01 7.785e-04 3.097e-04 2.125e-03 -1.000 4.830e-03 1.781 2.909 2.552 2.096 1.812 1.596 1.146 1.084
0.0048313 -0.50000 10.07918 0.8857061863 2.4453951463    0.883  1.235  3.6918  2.868    3  0.000  0.488     0.00     0.00     0.00     0.00     0.00 -1 -4.59e-12      0.00 7.267e-01 2.685e-01 7.776e-04 3.110e-04 2.125e-03 -1.000 4.841e-03 1.683 2.825 2.465 2.005 1.719 1.502 1.049 0.987
0.0048313 -0.50000 10.07918 0.8859699965 2.4454681267    0.883  1.285  3.6897  2.810    3  0.000  0.488     0.00     0.00     0.00     0.00     0.00 -1  -5.6e-12      0.00 7.266e-01 2.686e-01 7.772e-04 3.114e-04 2.125e-03 -1.000 4.858e-03 1.557 2.718 2.354 1.889 1.600 1.381 0.923 0.860
0.0048313 -0.50000 10.07918 0.8862017393 2.4455321947    0.883  1.334  3.6876  2.753    3  0.000  0.488     0.00     0.00     0.00     0.00     0.00 -1 -6.76e-12      0.00 7.266e-01 2.686e-01 7.771e-04 3.116e-04 2.125e-03 -1.000 4.859e-03 1.436 2.616 2.248 1.778 1.486 1.266 0.804 0.740
0.0048313 -0.50000 10.07918 0.8864127398 2.4455904948    0.883  1.382  3.6854  2.696    3  0.000  0.488     0.00     0.00     0.00     0.00     0.00 -1 -8.16e-12      0.00 7.266e-01 2.686e-01 7.770e-04 3.118e-04 2.125e-03 -1.000 4.859e-03 1.315 2.516 2.143 1.669 1.374 1.152 0.685 0.621
0.0048313 -0.50000 10.07918 0.8866075873 2.4456443035    0.883  1.430  3.6831  2.638    3  0.000  0.487     0.00     0.00     0.00     0.00     0.00 -1 -9.86e-12      0.00 7.265e-01 2.686e-01 7.769e-04 3.119e-04 2.125e-03 -1.000 4.860e-03 1.194 2.415 2.038 1.559 1.261 1.037 0.566 0.500
0.0048313 -0.50000 10.07918 0.8867780566 2.4456913576    0.883  1.476  3.6809  2.583    3  0.000  0.487     0.00     0.00     0.00     0.00     0.00 -1 -1.18e-11      0.00 7.265e-01 2.686e-01 7.768e-04 3.120e-04 2.125e-03 -1.000 4.860e-03 1.079 2.321 1.939 1.456 1.154 0.928 0.453 0.386
0.0048313 -0.50000 10.07918 0.8869332671 2.4457341818    0.883  1.521  3.6787  2.529    3  0.000  0.487     0.00     0.00     0.00     0.00     0.00 -1  -1.4e-11      0.00 7.265e-01 2.686e-01 7.768e-04 3.121e-04 2.125e-03 -1.000 4.860e-03 0.967 2.229 1.844 1.355 1.050 0.822 0.342 0.275
0.0048313 -0.50000 10.07918 0.8870718479 2.4457724031    0.883  1.564  3.6764  2.478    3  0.000  0.487     0.00     0.00     0.00     0.00     0.00 -1 -1.65e-11      0.00 7.265e-01 2.686e-01 7.767e-04 3.122e-04 2.125e-03 -1.000 4.860e-03 0.860 2.145 1.754 1.261 0.952 0.722 0.237 0.169
0.0048313 -0.50000 10.07918 0.8872048855 2.4458090826    0.883  1.606  3.6742  2.426    3  0.000  0.487     0.00     0.00     0.00     0.00     0.00 -1 -1.95e-11      0.00 7.265e-01 2.686e-01 7.766e-04 3.123e-04 2.125e-03 -1.000 4.861e-03 0.754 2.064 1.667 1.167 0.854 0.622 0.133 0.063
0.0048313 -0.50000 10.07918 0.8873406649 2.4458465051    0.883  1.643  3.6723  2.383    3  0.000  0.487     0.00     0.00     0.00     0.00     0.00 -1 -2.24e-11      0.00 7.265e-01 2.686e-01 7.766e-04 3.124e-04 2.125e-03 -1.000 4.861e-03 0.664 1.994 1.593 1.087 0.771 0.536 0.043 -0.026
0.0048313 -0.50000 10.07918 0.8874768615 2.4458840293    0.883  1.671  3.6709  2.349    3  0.000  0.487     0.00     0.00     0.00     0.00     0.00 -1 -2.52e-11      0.00 7.265e-01 2.687e-01 7.765e-04 3.125e-04 2.125e-03 -1.000 4.861e-03 0.592 1.939 1.534 1.024 0.705 0.469 -0.027 -0.097
0.0048313 -0.50000 10.07918 0.8876115084 2.4459211135    0.883  1.638  3.6733  2.391    3  0.000  0.487     0.00     0.00     0.00     0.00     0.00 -1 -2.28e-11      0.00 7.265e-01 2.687e-01 7.764e-04 3.126e-04 2.125e-03 -1.000 4.861e-03 0.674 1.994 1.595 1.092 0.777 0.544 0.053 -0.017
0.0048313 -0.50000 10.07918 0.8876509070 2.4459319622    0.883  1.627  3.6742  2.406    3  0.000  0.487     0.00     0.00     0.00     0.00     0.00 -1 -2.19e-11      0.00 7.265e-01 2.687e-01 7.764e-04 3.126e-04 2.125e-03 -1.000 4.862e-03 0.703 2.014 1.617 1.116 0.803 0.571 0.082 0.013
0.0048313 -0.50000 10.07918 0.8877744079 2.4459659617    0.883  1.679  3.6713  2.342    3  0.000  0.487     0.00     0.00     0.00     0.00     0.00 -1 -2.62e-11      0.00 7.265e-01 2.687e-01 7.764e-04 3.127e-04 2.125e-03 -1.000 4.862e-03 0.573 1.917 1.512 1.003 0.685 0.449 -0.046 -0.117
0.0048313 -0.50000 10.07918 0.8878772855 2.4459942754    0.882  1.724  3.6687  2.286    3  0.000  0.487     0.00     0.00     0.00     0.00     0.00 -1 -3.12e-11      0.00 7.265e-01 2.687e-01 7.763e-04 3.128e-04 2.125e-03 -1.000 4.862e-03 0.459 1.833 1.421 0.904 0.581 0.342 -0.159 -0.230
0.0048313 -0.50000 10.07918 0.8879755735 2.4460213189    0.882  1.771  3.6659  2.228    3  0.000  0.487     0.00     0.00     0.00     0.00     0.00 -1 -3.73e-11      0.00 7.265e-01 2.687e-01 7.763e-04 3.129e-04 2.125e-03 -1.000 4.862e-03 0.343 1.748 1.330 0.805 0.476 0.234 -0.273 -0.345
0.0048313 -0.50000 10.07918 0.8880652189 2.4460459785    0.882  1.817  3.6632  2.172    3  0.000  0.487     0.00     0.00     0.00     0.00     0.00 -1 -4.44e-11      0.00 7.264e-01 2.687e-01 7.762e-04 3.129e-04 2.125e-03 -1.000 4.862e-03 0.228 1.666 1.240 0.707 0.373 0.128 -0.385 -0.458
0.0048313 -0.50000 10.07918 0.8881458044 2.4460681409    0.882  1.861  3.6605  2.116    3  0.000  0.487     0.00     0.00     0.00     0.00     0.00 -1 -5.27e-11      0.00 7.264e-01 2.687e-01 7.762e-04 3.130e-04 2.126e-03 -1.000 4.862e-03 0.117 1.587 1.153 0.612 0.273 0.025 -0.494 -0.569
0.0048313 -0.50000 10.07918 0.8882194161 2.4460883815    0.882  1.905  3.6577  2.061    3  0.000  0.487     0.00     0.00     0.00     0.00     0.00 -1 -6.24e-11      0.00 7.264e-01 2.687e-01 7.762e-04 3.130e-04 2.126e-03 -1.000 4.863e-03 0.007 1.511 1.070 0.521 0.176 -0.075 -0.600 -0.676
0.0048313 -0.50000 10.07918 0.8882881999 2.4461072910    0.881  1.950  3.6549  2.005    3  0.000  0.487     0.00     0.00     0.00     0.00     0.00 -1 -7.39e-11      0.00 7.264e-01 2.687e-01 7.761e-04 3.131e-04 2.126e-03 -1.000 4.863e-03 -0.105 1.435 0.988 0.430 0.078 -0.176 -0.707 -0.785
0.0048313 -0.50000 10.07918 0.8883503675 2.4461243787    0.881  1.993  3.6521  1.950    3  0.000  0.487     0.00     0.00     0.00     0.00     0.00 -1 -8.72e-11      0.00 7.264e-01 2.687e-01 7.761e-04 3.131e-04 2.126e-03 -1.000 4.863e-03 -0.213 1.370 0.909 0.339 -0.018 -0.275 -0.812 -0.890
0.0048313 -0.50000 10.07918 0.8884083033 2.4461403008    0.881  2.037  3.6493  1.895    3  0.000  0.487     0.00     0.00     0.00     0.00     0.00 -1 -1.03e-10      0.00 7.264e-01 2.687e-01 7.761e-04 3.132e-04 2.126e-03 -1.000 4.863e-03 -0.322 1.306 0.831 0.248 -0.115 -0.375 -0.916 -0.996
0.0048313 -0.50000 10.07918 0.8884608746 2.4461547466    0.880  2.080  3.6464  1.841    3  0.000  0.487     0.00     0.00     0.00     0.00     0.00 -1 -1.21e-10      0.00 7.264e-01 2.687e-01 7.760e-04 3.132e-04 2.126e-03 -1.000 4.863e-03 -0.429 1.245 0.756 0.161 -0.209 -0.472 -1.018 -1.099
0.0048313 -0.50000 10.07918 0.8885090947 2.4461679949    0.880  2.122  3.6436  1.786    3  0.000  0.487     0.00     0.00     0.00     0.00     0.00 -1 -1.43e-10      0.00 7.264e-01 2.687e-01 7.760e-04 3.132e-04 2.126e-03 -1.000 4.863e-03 -0.536 1.185 0.682 0.074 -0.301 -0.568 -1.119 -1.201
0.0048313 -0.50000 10.07918 0.8885528445 2.4461800137    0.879  2.164  3.6407  1.733    3  0.000  0.487     0.00     0.00     0.00     0.00     0.00 -1 -1.68e-10      0.00 7.264e-01 2.687e-01 7.760e-04 3.133e-04 2.126e-03 -1.000 4.863e-03 -0.640 1.128 0.610 -0.010 -0.391 -0.661 -1.218 -1.300
0.0048313 -0.50000 10.07918 0.8885931969 2.4461910979    0.879  2.206  3.6378  1.680    3  0.000  0.487     0.00     0.00     0.00     0.00     0.00 -1 -1.96e-10      0.00 7.264e-01 2.687e-01 7.760e-04 3.133e-04 2.126e-03 -1.000 4.863e-03 -0.744 1.073 0.539 -0.093 -0.480 -0.752 -1.314 -1.398
0.0048313 -0.50000 10.07918 0.8886309266 2.4462014606    0.878  2.248  3.6349  1.626    3  0.000  0.487     0.00     0.00     0.00     0.00     0.00 -1 -2.31e-10      0.00 7.264e-01 2.687e-01 7.760e-04 3.133e-04 2.126e-03 -1.000 4.863e-03 -0.849 1.019 0.469 -0.175 -0.568 -0.842 -1.411 -1.496
0.0048313 -0.50000 10.07918 0.8886648417 2.4462107748    0.878  2.288  3.6321  1.574    3  0.000  0.487     0.00     0.00     0.00     0.00     0.00 -1 -2.69e-10      0.00 7.264e-01 2.687e-01 7.759e-04 3.133e-04 2.126e-03 -1.000 4.863e-03 -0.950 0.967 0.401 -0.254 -0.652 -0.929 -1.504 -1.590
0.0048313 -0.50000 10.07918 0.8886967897 2.4462195480    0.877  2.329  3.6291  1.520    3  0.000  0.487     0.00     0.00     0.00     0.00     0.00 -1 -3.15e-10      0.00 7.264e-01 2.687e-01 7.759e-04 3.133e-04 2.126e-03 -1.000 4.863e-03 -1.053 0.916 0.334 -0.333 -0.737 -1.017 -1.598 -1.685
0.0048313 -0.50000 10.07918 0.8887252808 2.4462273713    0.876  2.369  3.6262  1.469    3  0.000  0.487     0.00     0.00     0.00     0.00     0.00 -1 -3.66e-10      0.00 7.264e-01 2.687e-01 7.759e-04 3.134e-04 2.126e-03 -1.000 4.864e-03 -1.152 0.867 0.273 -0.404 -0.815 -1.098 -1.688 -1.777
0.0048313 -0.50000 10.07918 0.8887521029 2.4462347358    0.876  2.409  3.6233  1.417    3  0.000  0.487     0.00     0.00     0.00     0.00     0.00 -1 -4.27e-10      0.00 7.264e-01 2.687e-01 7.759e-04 3.134e-04 2.126e-03 -1.000 4.864e-03 -1.252 0.818 0.212 -0.476 -0.894 -1.181 -1.779 -1.871
0.0048313 -0.50000 10.07918 0.8887770772 2.4462415925    0.875  2.449  3.6203  1.364    3  0.000  0.487     0.00     0.00     0.00     0.00     0.00 -1 -4.97e-10      0.00 7.264e-01 2.687e-01 7.759e-04 3.134e-04 2.126e-03 -1.000 4.864e-03 -1.352 0.770 0.153 -0.546 -0.972 -1.263 -1.871 -1.963
0.0048313 -0.50000 10.07918 0.8887995481 2.4462477615    0.874  2.487  3.6174  1.314    3  0.000  0.487     0.00     0.00     0.00     0.00     0.00 -1 -5.77e-10      0.00 7.264e-01 2.687e-01 7.759e-04 3.134e-04 2.126e-03 -1.000 4.864e-03 -1.449 0.725 0.098 -0.611 -1.046 -1.340 -1.958 -2.053
0.0048313 -0.50000 10.07918 0.8888212442 2.4462537174    0.873  2.528  3.6144  1.261    3  0.000  0.487    11.43     8.41     5.87     4.55     3.69  3 -6.72e-10      0.00 7.264e-01 2.687e-01 7.759e-04 3.134e-04 2.126e-03 -1.000 4.864e-03 -1.549 0.681 0.042 -0.678 -1.122 -1.419 -2.049 -2.145
0.0048313 -0.50000 10.07918 0.8888402581 2.4462589368    0.872  2.565  3.6115  1.211    3  0.000  0.487    12.69     9.20     6.40     4.97     4.03  3 -7.77e-10      0.00 7.264e-01 2.687e-01 7.759e-04 3.134e-04 2.126e-03 -1.000 4.864e-03 -1.643 0.640 -0.010 -0.741 -1.193 -1.494 -2.133 -2.232
0.0048313 -0.50000 10.07918 0.8888583183 2.4462638941    0.871  2.603  3.6086  1.161    3  0.000  0.487    14.10    10.07     6.97     5.42     4.39  3 -8.99e-10      0.00 7.264e-01 2.687e-01 7.758e-04 3.135e-04 2.126e-03 -1.000 4.864e-03 -1.739 0.599 -0.062 -0.803 -1.263 -1.568 -2.219 -2.319
0.0048313 -0.50000 10.07918 0.8888750076 2.4462684749    0.870  2.641  3.6057  1.111    3  0.000  0.487    15.65    11.02     7.60     5.91     4.79  3 -1.04e-09      0.00 7.264e-01 2.687e-01 7.758e-04 3.135e-04 2.126e-03 -1.000 4.864e-03 -1.832 0.562 -0.110 -0.862 -1.330 -1.638 -2.301 -2.404
0.0048313 -0.50000 10.07918 0.8888903856 2.4462726956    0.869  2.678  3.6027  1.062    3  0.000  0.487    17.36    12.04     8.27     6.45     5.23  3  -1.2e-09      0.00 7.264e-01 2.687e-01 7.758e-04 3.135e-04 2.126e-03 -1.000 4.864e-03 -1.925 0.527 -0.156 -0.919 -1.396 -1.708 -2.383 -2.487
0.0048313 -0.50000 10.07918 0.8889051080 2.4462767363    0.867  2.715  3.5998  1.012    3  0.000  0.487    19.28    13.18     9.01     7.03     5.71  3 -1.38e-09      0.00 7.264e-01 2.687e-01 7.758e-04 3.135e-04 2.126e-03 -1.000 4.864e-03 -2.019 0.491 -0.203 -0.977 -1.463 -1.778 -2.466 -2.572
0.0048313 -0.50000 10.07918 0.8889212608 2.4462811693    0.866  2.760  3.5962  0.952    3  0.000  0.487    21.83    14.66     9.98     7.80     6.33  2 -1.64e-09      0.00 7.264e-01 2.687e-01 7.758e-04 3.135e-04 2.126e-03 -1.000 4.864e-03 -2.129 0.458 -0.251 -1.038 -1.536 -1.855 -2.562 -2.671
0.0048313 -0.50000 10.07918 0.8889361620 2.4462852587    0.864  2.803  3.5926  0.894    3  0.000  0.487    24.70    16.30    11.04     8.65     7.02  2 -1.94e-09      0.00 7.264e-01 2.687e-01 7.758e-04 3.135e-04 2.126e-03 -1.000 4.864e-03 -2.238 0.428 -0.296 -1.098 -1.607 -1.931 -2.656 -2.768
0.0048313 -0.50000 10.07918 0.8889476061 2.4462883992    0.862  2.839  3.5897  0.845    3  0.000  0.487    27.33    17.78    12.00     9.41     7.64  2 -2.23e-09      0.00 7.264e-01 2.687e-01 7.758e-04 3.135e-04 2.126e-03 -1.000 4.864e-03 -2.327 0.405 -0.332 -1.145 -1.664 -1.992 -2.732 -2.847
0.0048313 -0.50000 10.07918 0.8889605999 2.4462919649    0.860  2.882  3.5860  0.786    3  0.000  0.487    30.94    19.78    13.28    10.43     8.47  2 -2.64e-09      0.00 7.264e-01 2.687e-01 7.758e-04 3.135e-04 2.126e-03 -1.000 4.864e-03 -2.435 0.381 -0.370 -1.196 -1.727 -2.059 -2.824 -2.942
0.0048313 -0.50000 10.07918 0.8889720440 2.4462951052    0.857  2.923  3.5825  0.730    3  0.000  0.487    34.78    21.86    14.61    11.49     9.33  2 -3.09e-09      0.00 7.264e-01 2.687e-01 7.758e-04 3.135e-04 2.126e-03 -1.000 4.864e-03 -2.537 0.360 -0.405 -1.242 -1.786 -2.121 -2.909 -3.030
0.0048313 -0.50000 10.07918 0.8889828920 2.4462980819    0.854  2.964  3.5789  0.673    3  0.000  0.487    39.17    24.20    16.10    12.69    10.31  2 -3.63e-09      0.00 7.264e-01 2.687e-01 7.758e-04 3.135e-04 2.126e-03 -1.000 4.864e-03 -2.640 0.342 -0.437 -1.286 -1.841 -2.180 -2.994 -3.119
0.0048313 -0.50000 10.07918 0.8889926672 2.4463007641    0.852  3.003  3.5754  0.619    3  0.000  0.487    43.92    26.69    17.68    13.95    11.33  1 -4.24e-09      0.00 7.264e-01 2.687e-01 7.758e-04 3.136e-04 2.126e-03 -1.000 4.864e-03 -2.737 0.331 -0.461 -1.319 -1.886 -2.228 -3.073 -3.202
0.0048313 -0.50000 10.07918 0.8890020251 2.4463033318    0.849  3.043  3.5718  0.563    3  0.000  0.487    49.36    29.49    19.45    15.37    12.49  1 -4.96e-09      0.00 7.264e-01 2.687e-01 7.758e-04 3.136e-04 2.126e-03 -1.000 4.864e-03 -2.837 0.321 -0.484 -1.352 -1.930 -2.275 -3.153 -3.287
0.0048313 -0.50000 10.07918 0.8890104294 2.4463056377    0.845  3.080  3.5683  0.510    3  0.000  0.487    55.19    32.45    21.30    16.86    13.71  1 -5.76e-09      0.00 7.264e-01 2.687e-01 7.758e-04 3.136e-04 2.126e-03 -1.000 4.864e-03 -2.931 0.317 -0.500 -1.374 -1.963 -2.311 -3.226 -3.365
0.0048313 -0.50000 10.07918 0.8890182376 2.4463077801    0.842  3.117  3.5647  0.457    3  0.000  0.487    61.65    35.66    23.31    18.48    15.02  1 -6.67e-09      0.00 7.264e-01 2.687e-01 7.758e-04 3.136e-04 2.126e-03 -1.000 4.864e-03 -3.023 0.323 -0.505 -1.386 -1.986 -2.336 -3.297 -3.441
0.0048313 -0.50000 10.07918 0.8890253901 2.4463097425    0.838  3.153  3.5613  0.406    3  0.000  0.487    68.62    39.07    25.43    20.19    16.42  1 -7.69e-09      0.00 7.264e-01 2.688e-01 7.758e-04 3.136e-04 2.126e-03 -1.000 4.864e-03 -3.112 0.334 -0.507 -1.394 -2.006 -2.358 -3.364 -3.513
0.0048313 -0.50000 10.07918 0.8890320659 2.4463115741    0.834  3.188  3.5578  0.354    3  0.000  0.487    76.39    42.81    27.75    22.07    17.95  1 -8.86e-09      0.00 7.264e-01 2.688e-01 7.758e-04 3.136e-04 2.126e-03 -1.000 4.864e-03 -3.199 0.353 -0.499 -1.388 -2.012 -2.365 -3.426 -3.582
0.0048313 -0.50000 10.07918 0.8890382648 2.4463132748    0.830  3.222  3.5542  0.304    3  0.000  0.487    84.88    46.83    30.23    24.07    19.58  1 -1.02e-08      0.00 7.264e-01 2.688e-01 7.758e-04 3.136e-04 2.126e-03 -1.000 4.864e-03 -3.284 0.377 -0.484 -1.373 -2.009 -2.362 -3.484 -3.647
0.0048313 -0.50000 10.07918 0.8890442252 2.4463149100    0.825  3.256  3.5506  0.253    3  0.000  0.487    94.55    51.33    32.99    26.32    21.41  1 -1.17e-08      0.00 7.264e-01 2.688e-01 7.758e-04 3.136e-04 2.126e-03 -1.000 4.864e-03 -3.370 0.404 -0.467 -1.356 -2.004 -2.358 -3.543 -3.713
0.0048313 -0.50000 10.07918 0.8890497088 2.4463164145    0.820  3.289  3.5471  0.203    3  0.000  0.487   104.88    56.05    35.88    28.66    23.32  1 -1.34e-08      0.00 7.264e-01 2.688e-01 7.758e-04 3.136e-04 2.126e-03 -1.000 4.864e-03 -3.453 0.442 -0.437 -1.320 -1.979 -2.332 -3.593 -3.771
0.0048313 -0.50000 10.07918 0.8890548944 2.4463178371    0.814  3.321  3.5437  0.154    3  0.000  0.487   116.08    61.08    38.94    31.16    25.36  1 -1.53e-08      0.00 7.264e-01 2.688e-01 7.758e-04 3.136e-04 2.126e-03 -1.000 4.864e-03 -3.533 0.483 -0.403 -1.280 -1.950 -2.302 -3.639 -3.826
0.0048313 -0.50000 10.07918 0.8890606165 2.4463194069    0.807  3.356  3.5399  0.100    3  0.000  0.487   130.06    67.24    42.67    34.20    27.84  1 -1.77e-08      0.00 7.264e-01 2.688e-01 7.758e-04 3.136e-04 2.126e-03 -1.000 4.864e-03 -3.621 0.530 -0.363 -1.233 -1.916 -2.266 -3.690 -3.886
0.0048313 -0.50000 10.07918 0.8890641928 2.4463203880    0.803  3.378  3.5376  0.067    3  0.000  0.487   139.37    71.28    45.11    36.20    29.47  1 -1.94e-08      0.00 7.264e-01 2.688e-01 7.758e-04 3.136e-04 2.126e-03 -1.000 4.864e-03 -3.674 0.567 -0.328 -1.190 -1.882 -2.231 -3.716 -3.919
0.0048313 -0.50000 10.07918 0.8890641928 2.4463203880    0.802  1.704  3.7011  2.394    4  0.000  0.496     0.00     0.00     0.00     0.00     0.00 -1    -1e-30      0.00 7.277e-01 2.674e-01 7.887e-04 2.981e-04 2.124e-03 -1.000 4.885e-03 0.509 1.580 1.230 0.786 0.516 0.309 -0.129 -0.187
0.0048313 -0.50000 10.07918 0.8891247511 2.4463370001    0.802  1.716  3.7003  2.379    4  0.000  0.496     0.00     0.00     0.00     0.00     0.00 -1    -1e-30      0.00 7.277e-01 2.674e-01 7.887e-04 2.981e-04 2.124e-03 -1.000 4.885e-03 0.480 1.559 1.206 0.760 0.489 0.281 -0.158 -0.217
0.0048313 -0.50000 10.07918 0.8891892433 2.4463546884    0.802  1.720  3.7001  2.375    4  0.000  0.496     0.00     0.00     0.00     0.00     0.00 -1    -1e-30      0.00 7.277e-01 2.674e-01 7.887e-04 2.981e-04 2.124e-03 -1.000 4.885e-03 0.471 1.551 1.198 0.752 0.480 0.272 -0.167 -0.226
0.0048313 -0.50000 10.07918 0.8892476559 2.4463707067    0.802  1.721  3.7003  2.375    4  0.000  0.496     0.00     0.00     0.00     0.00     0.00 -1    -1e-30      0.00 7.277e-01 2.674e-01 7.887e-04 2.981e-04 2.124e-03 -1.000 4.885e-03 0.469 1.547 1.195 0.749 0.478 0.270 -0.169 -0.228
0.0048313 -0.50000 10.07918 0.8893069625 2.4463869677    0.802  1.720  3.7007  2.377    4  0.000  0.496     0.00     0.00     0.00     0.00     0.00 -1    -1e-30      0.00 7.277e-01 2.674e-01 7.887e-04 2.981e-04 2.124e-03 -1.000 4.885e-03 0.470 1.545 1.194 0.749 0.478 0.270 -0.168 -0.227
0.0048313 -0.50000 10.07918 0.8893659115 2.4464031282    0.802  1.718  3.7012  2.381    4  0.000  0.496     0.00     0.00     0.00     0.00     0.00 -1    -1e-30      0.00 7.277e-01 2.674e-01 7.887e-04 2.981e-04 2.124e-03 -1.000 4.885e-03 0.474 1.545 1.194 0.750 0.480 0.273 -0.164 -0.223
0.0048313 -0.50000 10.07918 0.8894261718 2.4464196456    0.802  1.716  3.7019  2.385    4  0.000  0.496     0.00     0.00     0.00     0.00     0.00 -1    -1e-30      0.00 7.277e-01 2.674e-01 7.887e-04 2.981e-04 2.124e-03 -1.000 4.885e-03 0.479 1.544 1.195 0.753 0.484 0.277 -0.159 -0.217
0.0048313 -0.50000 10.07918 0.8894875646 2.4464364708    0.802  1.714  3.7025  2.390    4  0.000  0.496     0.00     0.00     0.00     0.00     0.00 -1    -1e-30      0.00 7.277e-01 2.674e-01 7.887e-04 2.981e-04 2.124e-03 -1.000 4.885e-03 0.484 1.544 1.197 0.756 0.488 0.282 -0.153 -0.212
0.0048313 -0.50000 10.07918 0.8895469308 2.4464527380    0.802  1.712  3.7032  2.395    4  0.000  0.496     0.00     0.00     0.00     0.00     0.00 -1    -1e-30      0.00 7.277e-01 2.674e-01 7.887e-04 2.981e-04 2.124e-03 -1.000 4.885e-03 0.490 1.544 1.198 0.759 0.491 0.286 -0.148 -0.206
0.0048313 -0.50000 10.07918 0.8896102905 2.4464700968    0.802  1.710  3.7038  2.399    4  0.000  0.496     0.00     0.00     0.00     0.00     0.00 -1    -1e-30      0.00 7.277e-01 2.674e-01 7.887e-04 2.981e-04 2.124e-03 -1.000 4.885e-03 0.495 1.544 1.199 0.761 0.495 0.290 -0.143 -0.201
0.0048313 -0.50000 10.07918 0.8896735907 2.4464874364    0.802  1.708  3.7043  2.403    4  0.000  0.496     0.00     0.00     0.00     0.00     0.00 -1    -1e-30      0.00 7.277e-01 2.674e-01 7.887e-04 2.981e-04 2.124e-03 -1.000 4.885e-03 0.499 1.544 1.200 0.763 0.498 0.293 -0.138 -0.196
0.0048313 -0.50000 10.07918 0.8897380233 2.4465050833    0.802  1.707  3.7048  2.407    4  0.000  0.496     0.00     0.00     0.00     0.00     0.00 -1    -1e-30      0.00 7.277e-01 2.674e-01 7.887e-04 2.981e-04 2.124e-03 -1.000 4.885e-03 0.503 1.543 1.201 0.765 0.500 0.296 -0.135 -0.192
0.0048313 -0.50000 10.07918 0.8898009062 2.4465223029    0.803  1.706  3.7053  2.410    4  0.000  0.496     0.00     0.00     0.00     0.00     0.00 -1    -1e-30      0.00 7.277e-01 2.674e-01 7.887e-04 2.981e-04 2.124e-03 -1.000 4.885e-03 0.506 1.543 1.201 0.766 0.502 0.298 -0.132 -0.189
0.0048313 -0.50000 10.07918 0.8898617029 2.4465389487    0.803  1.705  3.7056  2.412    4  0.000  0.496     0.00     0.00     0.00     0.00     0.00 -1    -1e-30      0.00 7.277e-01 2.674e-01 7.887e-04 2.981e-04 2.124e-03 -1.000 4.885e-03 0.508 1.542 1.201 0.767 0.503 0.300 -0.129 -0.187
0.0048313 -0.50000 10.07918 0.8899040222 2.4465505338    0.803  1.704  3.7059  2.414    4  0.000  0.496     0.00     0.00     0.00     0.00     0.00 -1    -1e-30      0.00 7.277e-01 2.674e-01 7.887e-04 2.981e-04 2.124e-03 -1.000 4.885e-03 0.509 1.541 1.201 0.767 0.504 0.301 -0.128 -0.185
0.0048313 -0.50000 10.07918 0.8899106979 2.4465523612    0.803  1.704  3.7059  2.414    4  0.000  0.496     0.00     0.00     0.00     0.00     0.00 -1    -1e-30      0.00 7.277e-01 2.674e-01 7.887e-04 2.981e-04 2.124e-03 -1.000 4.885e-03 0.510 1.541 1.201 0.767 0.504 0.301 -0.128 -0.185
0.0048313 -0.50000 10.07918 0.8899711370 2.4465689043    0.803  1.704  3.7062  2.416    4  0.000  0.496     0.00     0.00     0.00     0.00     0.00 -1    -1e-30      0.00 7.277e-01 2.674e-01 7.887e-04 2.981e-04 2.124e-03 -1.000 4.885e-03 0.511 1.540 1.200 0.767 0.504 0.302 -0.126 -0.184
0.0048313 -0.50000 10.07918 0.8900339603 2.4465860973    0.803  1.703  3.7065  2.417    4  0.000  0.496     0.00     0.00     0.00     0.00     0.00 -1    -1e-30      0.00 7.277e-01 2.674e-01 7.887e-04 2.981e-04 2.124e-03 -1.000 4.885e-03 0.512 1.538 1.199 0.767 0.504 0.302 -0.126 -0.183
0.0048313 -0.50000 10.07918 0.8900957108 2.4466029939    0.803  1.703  3.7067  2.418    4  0.000  0.496     0.00     0.00     0.00     0.00     0.00 -1    -1e-30      0.00 7.277e-01 2.674e-01 7.887e-04 2.981e-04 2.124e-03 -1.000 4.885e-03 0.511 1.536 1.198 0.766 0.504 0.302 -0.126 -0.183
0.0048313 -0.50000 10.07918 0.8901551366 2.4466192519    0.803  1.704  3.7068  2.418    4  0.000  0.496     0.00     0.00     0.00     0.00     0.00 -1    -1e-30      0.00 7.277e-01 2.674e-01 7.887e-04 2.981e-04 2.124e-03 -1.000 4.885e-03 0.510 1.535 1.196 0.765 0.503 0.300 -0.127 -0.184
0.0048313 -0.50000 10.07918 0.8902161121 2.4466359313    0.803  1.705  3.7068  2.417    4  0.000  0.496     0.00     0.00     0.00     0.00     0.00 -1    -1e-30      0.00 7.277e-01 2.674e-01 7.887e-04 2.981e-04 2.124e-03 -1.000 4.885e-03 0.509 1.533 1.194 0.763 0.501 0.299 -0.129 -0.186
0.0048313 -0.50000 10.07918 0.8902773857 2.4466526896    0.803  1.706  3.7068  2.416    4  0.000  0.496     0.00     0.00     0.00     0.00     0.00 -1    -1e-30      0.00 7.277e-01 2.674e-01 7.887e-04 2.981e-04 2.124e-03 -1.000 4.885e-03 0.506 1.530 1.192 0.760 0.498 0.296 -0.132 -0.189
0.0048313 -0.50000 10.07918 0.8903377056 2.4466691844    0.803  1.707  3.7066  2.414    4  0.000  0.496     0.00     0.00     0.00     0.00     0.00 -1    -1e-30      0.00 7.277e-01 2.674e-01 7.887e-04 2.981e-04 2.124e-03 -1.000 4.885e-03 0.502 1.528 1.189 0.757 0.494 0.292 -0.135 -0.192
0.0048313 -0.50000 10.07918 0.8903439641 2.4466708957    0.803  1.707  3.7066  2.414    4  0.000  0.496     0.00     0.00     0.00     0.00     0.00 -1    -1e-30      0.00 7.277e-01 2.674e-01 7.887e-04 2.981e-04 2.124e-03 -1.000 4.885e-03 0.501 1.527 1.188 0.756 0.494 0.292 -0.136 -0.193
0.0048313 -0.50000 10.07918 0.8903543949 2.4466737478    0.803  1.708  3.7066  2.413    4  0.000  0.496     0.00     0.00     0.00     0.00     0.00 -1    -1e-30      0.00 7.277e-01 2.674e-01 7.887e-04 2.981e-04 2.124e-03 -1.000 4.885e-03 0.500 1.527 1.188 0.756 0.493 0.291 -0.137 -0.194
0.0048313 -0.50000 10.07918 0.8904092908 2.4466887565    0.803  1.710  3.7063  2.410    4  0.000  0.496     0.00     0.00     0.00     0.00     0.00 -1    -1e-30      0.00 7.277e-01 2.674e-01 7.887e-04 2.981e-04 2.124e-03 -1.000 4.885e-03 0.495 1.524 1.184 0.752 0.489 0.286 -0.142 -0.199
0.0048313 -0.50000 10.07918 0.8904656172 2.4467041541    0.803  1.712  3.7060  2.407    4  0.000  0.496     0.00     0.00     0.00     0.00     0.00 -1    -1e-30      0.00 7.277e-01 2.674e-01 7.887e-04 2.981e-04 2.124e-03 -1.000 4.885e-03 0.489 1.520 1.180 0.747 0.483 0.280 -0.148 -0.205
0.0048313 -0.50000 10.07918 0.8905193210 2.4467188327    0.803  1.715  3.7057  2.403    4  0.000  0.496     0.00     0.00     0.00     0.00     0.00 -1    -1e-30      0.00 7.277e-01 2.674e-01 7.887e-04 2.981e-04 2.124e-03 -1.000 4.885e-03 0.482 1.516 1.175 0.741 0.477 0.274 -0.155 -0.212
0.0048313 -0.50000 10.07918 0.8905745745 2.4467339328    0.803  1.719  3.7051  2.396    4  0.000  0.496     0.00     0.00     0.00     0.00     0.00 -1    -1e-30      0.00 7.277e-01 2.674e-01 7.887e-04 2.981e-04 2.124e-03 -1.000 4.885e-03 0.473 1.511 1.169 0.733 0.469 0.265 -0.165 -0.223
0.0048313 -0.50000 10.07918 0.8906301260 2.4467491121    0.803  1.723  3.7045  2.390    4  0.000  0.496     0.00     0.00     0.00     0.00     0.00 -1    -1e-30      0.00 7.277e-01 2.674e-01 7.887e-04 2.981e-04 2.124e-03 -1.000 4.885e-03 0.461 1.505 1.161 0.725 0.459 0.255 -0.176 -0.234
0.0048313 -0.50000 10.07918 0.8906841874 2.4467638822    0.804  1.728  3.7039  2.382    4  0.000  0.496     0.00     0.00     0.00     0.00     0.00 -1    -1e-30      0.00 7.277e-01 2.674e-01 7.887e-04 2.981e-04 2.124e-03 -1.000 4.885e-03 0.449 1.498 1.153 0.715 0.449 0.244 -0.188 -0.246
0.0048313 -0.50000 10.07918 0.8907383084 2.4467786665    0.804  1.733  3.7033  2.375    4  0.000  0.496     0.00     0.00     0.00     0.00     0.00 -1    -1e-30      0.00 7.277e-01 2.674e-01 7.887e-04 2.981e-04 2.124e-03 -1.000 4.885e-03 0.437 1.491 1.145 0.705 0.438 0.232 -0.201 -0.259
0.0048313 -0.50000 10.07918 0.8907918334 2.4467932860    0.804  1.737  3.7028  2.369    4  0.000  0.496     0.00     0.00     0.00     0.00     0.00 -1    -1e-30      0.00 7.277e-01 2.674e-01 7.887e-04 2.981e-04 2.124e-03 -1.000 4.885e-03 0.427 1.485 1.137 0.697 0.429 0.223 -0.211 -0.270
0.0048313 -0.50000 10.07918 0.8908452988 2.4468078871    0.804  1.746  3.7017  2.356    4  0.000  0.496     0.00     0.00     0.00     0.00     0.00 -1    -1e-30      0.00 7.277e-01 2.674e-01 7.887e-04 2.981e-04 2.124e-03 -1.000 4.885e-03 0.405 1.473 1.122 0.679 0.409 0.203 -0.234 -0.292
0.0048313 -0.50000 10.07918 0.8908989429 2.4468225351    0.804  1.758  3.7002  2.338    4  0.000  0.496     0.00     0.00     0.00     0.00     0.00 -1    -1e-30      0.00 7.277e-01 2.674e-01 7.887e-04 2.981e-04 2.124e-03 -1.000 4.885e-03 0.374 1.456 1.102 0.655 0.383 0.175 -0.264 -0.323
0.0048313 -0.50000 10.07918 0.8909547925 2.4468377830    0.804  1.776  3.6981  2.311    4  0.000  0.496     0.00     0.00     0.00     0.00     0.00 -1    -1e-30      0.00 7.277e-01 2.674e-01 7.887e-04 2.981e-04 2.124e-03 -1.000 4.885e-03 0.330 1.430 1.072 0.619 0.345 0.135 -0.308 -0.368
0.0048313 -0.50000 10.07918 0.8910100460 2.4468528661    0.804  1.808  3.6943  2.264    4  0.000  0.496     0.00     0.00     0.00     0.00     0.00 -1    -1e-30      0.00 7.277e-01 2.674e-01 7.887e-04 2.981e-04 2.124e-03 -1.000 4.885e-03 0.249 1.384 1.016 0.555 0.275 0.061 -0.389 -0.450
0.0048313 -0.50000 10.07918 0.8910409212 2.4468612935    0.804  1.844  3.6903  2.212    4  0.000  0.496     0.00     0.00     0.00     0.00     0.00 -1    -1e-30      0.00 7.277e-01 2.674e-01 7.887e-04 2.981e-04 2.124e-03 -1.000 4.885e-03 0.159 1.331 0.954 0.483 0.196 -0.021 -0.479 -0.541
0.0048313 -0.50000 10.07918 0.8910564780 2.4468655395    0.804  1.882  3.6861  2.157    4  0.000  0.496     0.00     0.00     0.00     0.00     0.00 -1    -1e-30      0.00 7.277e-01 2.674e-01 7.887e-04 2.981e-04 2.124e-03 -1.000 4.885e-03 0.064 1.278 0.891 0.410 0.116 -0.105 -0.571 -0.635
0.0048313 -0.50000 10.07918 0.8910641670 2.4468676380    0.804  1.921  3.6819  2.101    4  0.000  0.496     0.00     0.00     0.00     0.00     0.00 -1    -1e-30      0.00 7.277e-01 2.674e-01 7.887e-04 2.981e-04 2.124e-03 -1.000 4.885e-03 -0.033 1.222 0.825 0.333 0.033 -0.192 -0.666 -0.732
0.0048313 -0.50000 10.07918 0.8910677433 2.4468686141    0.804  1.958  3.6780  2.049    4  0.000  0.496     0.00     0.00     0.00     0.00     0.00 -1    -1e-30      0.00 7.277e-01 2.674e-01 7.887e-04 2.981e-04 2.124e-03 -1.000 4.885e-03 -0.125 1.170 0.764 0.262 -0.045 -0.274 -0.755 -0.823
0.0048313 -0.50000 10.07918 0.8910697103 2.4468691509    0.804  1.994  3.6743  1.999    4  0.000  0.496     0.00     0.00     0.00     0.00     0.00 -1    -1e-30      0.00 7.277e-01 2.674e-01 7.887e-04 2.981e-04 2.124e-03 -1.000 4.885e-03 -0.215 1.121 0.706 0.194 -0.120 -0.353 -0.842 -0.911
0.0048313 -0.50000 10.07918 0.8910709620 2.4468694925    0.804  2.027  3.6710  1.952    4  0.000  0.496     0.00     0.00     0.00     0.00     0.00 -1    -1e-30      0.00 7.277e-01 2.674e-01 7.887e-04 2.981e-04 2.124e-03 -1.000 4.885e-03 -0.298 1.080 0.652 0.127 -0.193 -0.429 -0.924 -0.994
0.0048313 -0.50000 10.07918 0.8910713792 2.4468696064    0.804  2.042  3.6695  1.932    7  0.000  0.496     0.00     0.00     0.00     0.00     0.00 -1 -8.55e-10      0.00 7.277e-01 2.658e-01 7.887e-04 2.981e-04 2.124e-03 -1.000 6.431e-03 -0.334 1.062 0.629 0.099 -0.224 -0.462 -0.959 -1.030
0.0048313 -0.50000 10.07918 0.8910719156 2.4468697528    0.804  2.062  3.6675  1.903    7  0.000  0.496     0.00     0.00     0.00     0.00     0.00 -1 -9.63e-10      0.00 7.277e-01 2.658e-01 7.887e-04 2.981e-04 2.124e-03 -1.000 6.431e-03 -0.386 1.038 0.596 0.058 -0.269 -0.509 -1.010 -1.081
0.0048313 -0.50000 10.07918 0.8910729885 2.4468700456    0.804  2.108  3.6631  1.839    7  0.000  0.496     0.00     0.00     0.00     0.00     0.00 -1 -1.24e-09      0.00 7.277e-01 2.658e-01 7.887e-04 2.981e-04 2.124e-03 -1.000 6.431e-03 -0.501 0.983 0.524 -0.031 -0.367 -0.613 -1.121 -1.193
0.0048313 -0.50000 10.07918 0.8910740614 2.4468703384    0.804  2.152  3.6589  1.779    7  0.000  0.496     0.00     0.00     0.00     0.00     0.00 -1 -1.56e-09      0.00 7.277e-01 2.658e-01 7.887e-04 2.981e-04 2.124e-03 -1.000 6.431e-03 -0.609 0.933 0.456 -0.115 -0.459 -0.709 -1.224 -1.299
0.0048313 -0.50000 10.07918 0.8910765052 2.4468710053    0.804  2.188  3.6556  1.730    7  0.000  0.496     0.00     0.00     0.00     0.00     0.00 -1  -1.9e-09      0.00 7.277e-01 2.658e-01 7.887e-04 2.981e-04 2.124e-03 -1.000 6.431e-03 -0.699 0.891 0.400 -0.184 -0.534 -0.788 -1.309 -1.384
0.0048313 -0.50000 10.07918 0.8910795450 2.4468718349    0.803  2.155  3.6587  1.775    7  0.000  0.496     0.00     0.00     0.00     0.00     0.00 -1 -1.59e-09      0.00 7.277e-01 2.658e-01 7.887e-04 2.981e-04 2.124e-03 -1.000 6.431e-03 -0.617 0.928 0.450 -0.122 -0.466 -0.717 -1.232 -1.307
0.0048313 -0.50000 10.07918 0.8911063075 2.4468791385    0.802  2.122  3.6618  1.819    7  0.000  0.496     0.00     0.00     0.00     0.00     0.00 -1 -1.34e-09      0.00 7.277e-01 2.658e-01 7.887e-04 2.981e-04 2.124e-03 -1.000 6.431e-03 -0.535 0.967 0.502 -0.058 -0.396 -0.643 -1.153 -1.227
0.0048313 -0.50000 10.07918 0.8911349177 2.4468869457    0.800  2.157  3.6584  1.770    7  0.000  0.496     0.00     0.00     0.00     0.00     0.00 -1 -1.64e-09      0.00 7.277e-01 2.658e-01 7.887e-04 2.981e-04 2.124e-03 -1.000 6.431e-03 -0.622 0.928 0.449 -0.125 -0.470 -0.720 -1.236 -1.311
0.0048313 -0.50000 10.07918 0.8911555409 2.4468925731    0.798  2.196  3.6546  1.715    7  0.000  0.496     0.00     0.00     0.00     0.00     0.00 -1 -2.03e-09      0.00 7.277e-01 2.658e-01 7.887e-04 2.981e-04 2.124e-03 -1.000 6.431e-03 -0.720 0.885 0.390 -0.198 -0.551 -0.805 -1.328 -1.404
0.0048313 -0.50000 10.07918 0.8911703229 2.4468966064    0.797  2.226  3.6518  1.673    7  0.000  0.496     0.00     0.00     0.00     0.00     0.00 -1  -2.4e-09      0.00 7.277e-01 2.658e-01 7.887e-04 2.981e-04 2.124e-03 -1.000 6.431e-03 -0.794 0.852 0.344 -0.254 -0.612 -0.870 -1.397 -1.474
0.0048313 -0.50000 10.07918 0.8911878467 2.4469013876    0.795  2.263  3.6484  1.621    7  0.000  0.496     0.00     0.00     0.00     0.00     0.00 -1 -2.94e-09      0.00 7.277e-01 2.658e-01 7.887e-04 2.981e-04 2.124e-03 -1.000 6.431e-03 -0.886 0.812 0.288 -0.323 -0.688 -0.949 -1.483 -1.561
0.0048313 -0.50000 10.07918 0.8912040591 2.4469058108    0.792  2.300  3.6449  1.568    7  0.000  0.496     0.00     0.00     0.00     0.00     0.00 -1 -3.63e-09      0.00 7.277e-01 2.658e-01 7.887e-04 2.981e-04 2.124e-03 -1.000 6.431e-03 -0.981 0.772 0.232 -0.393 -0.764 -1.029 -1.569 -1.649
0.0048313 -0.50000 10.07918 0.8912186623 2.4469097948    0.790  2.338  3.6414  1.515    7  0.000  0.496     0.00     0.00     0.00     0.00     0.00 -1 -4.48e-09      0.00 7.277e-01 2.658e-01 7.887e-04 2.981e-04 2.124e-03 -1.000 6.431e-03 -1.076 0.732 0.175 -0.463 -0.841 -1.109 -1.656 -1.737
0.0048313 -0.50000 10.07918 0.8912319541 2.4469134209    0.787  2.377  3.6378  1.460    7  0.000  0.496     0.00     0.00     0.00     0.00     0.00 -1 -5.57e-09      0.00 7.277e-01 2.658e-01 7.887e-04 2.981e-04 2.124e-03 -1.000 6.431e-03 -1.173 0.692 0.121 -0.530 -0.916 -1.188 -1.744 -1.827
0.0048313 -0.50000 10.07918 0.8912438750 2.4469166730    0.783  2.416  3.6343  1.405    7  0.000  0.496     0.00     0.00     0.00     0.00     0.00 -1 -6.93e-09      0.00 7.277e-01 2.659e-01 7.886e-04 2.981e-04 2.124e-03 -1.000 6.415e-03 -1.271 0.652 0.067 -0.595 -0.990 -1.266 -1.832 -1.918
0.0048313 -0.50000 10.07918 0.8912544847 2.4469195672    0.780  2.455  3.6308  1.350    7  0.000  0.496     0.00     0.00     0.00     0.00     0.00 -1 -8.58e-09      0.00 7.277e-01 2.659e-01 7.885e-04 2.982e-04 2.124e-03 -1.000 6.385e-03 -1.368 0.611 0.014 -0.661 -1.065 -1.345 -1.921 -2.008
0.0048313 -0.50000 10.07918 0.8912641406 2.4469222012    0.775  2.494  3.6272  1.294    7  0.000  0.495     0.00     0.00     0.00     0.00     0.00 -1 -1.06e-08      0.00 7.277e-01 2.659e-01 7.881e-04 2.983e-04 2.124e-03 -1.000 6.381e-03 -1.465 0.573 -0.036 -0.723 -1.136 -1.420 -2.008 -2.097
0.0048313 -0.50000 10.07918 0.8912730217 2.4469246238    0.771  2.532  3.6236  1.239    7  0.000  0.495    11.52     8.48     5.90     4.59     3.72  3 -1.31e-08      0.00 7.277e-01 2.659e-01 7.871e-04 2.988e-04 2.124e-03 -1.000 6.358e-03 -1.561 0.540 -0.083 -0.783 -1.205 -1.494 -2.092 -2.184
0.0048313 -0.50000 10.07918 0.8912813067 2.4469268837    0.765  2.571  3.6195  1.181    7  0.000  0.493    13.00     9.40     6.51     5.08     4.11  3 -1.63e-08      0.00 7.277e-01 2.659e-01 7.847e-04 3.006e-04 2.124e-03 -1.000 6.332e-03 -1.657 0.514 -0.124 -0.837 -1.270 -1.564 -2.176 -2.270
0.0048313 -0.50000 10.07918 0.8912890553 2.4469289972    0.759  2.609  3.6140  1.117    7  0.000  0.490    14.84    10.52     7.25     5.67     4.59  2 -2.01e-08      0.00 7.277e-01 2.659e-01 7.806e-04 3.046e-04 2.124e-03 -1.000 6.331e-03 -1.752 0.514 -0.142 -0.873 -1.321 -1.621 -2.253 -2.350
0.0048313 -0.50000 10.07918 0.8912965655 2.4469310457    0.751  2.648  3.6070  1.046    7  0.000  0.486    17.24    11.95     8.18     6.41     5.19  2 -2.53e-08      0.00 7.277e-01 2.659e-01 7.746e-04 3.115e-04 2.124e-03 -1.000 6.330e-03 -1.850 0.539 -0.138 -0.892 -1.359 -1.667 -2.325 -2.427
0.0048313 -0.50000 10.07918 0.8913039565 2.4469330617    0.742  2.688  3.6033  0.985    7  0.000  0.482    19.52    13.28     9.05     7.10     5.75  2  -3.2e-08      0.00 7.277e-01 2.660e-01 7.683e-04 3.190e-04 2.124e-03 -1.000 6.300e-03 -1.950 0.513 -0.179 -0.947 -1.425 -1.737 -2.411 -2.515
0.0048313 -0.50000 10.07918 0.8913106322 2.4469348825    0.731  2.726  3.5997  0.927    7  0.000  0.479    22.04    14.71     9.97     7.85     6.36  2 -4.03e-08      0.00 7.277e-01 2.660e-01 7.628e-04 3.258e-04 2.124e-03 -1.000 6.249e-03 -2.044 0.494 -0.213 -0.995 -1.485 -1.802 -2.492 -2.598
0.0048313 -0.50000 10.07918 0.8913171291 2.4469366545    0.717  2.766  3.5958  0.864    7  0.000  0.476    25.10    16.41    11.07     8.73     7.07  2 -5.16e-08      0.00 7.277e-01 2.660e-01 7.576e-04 3.322e-04 2.124e-03 -1.000 6.232e-03 -2.144 0.478 -0.245 -1.042 -1.544 -1.866 -2.576 -2.685
0.0048313 -0.50000 10.07918 0.8913224936 2.4469381176    0.703  2.802  3.5923  0.804    7  0.000  0.473    28.38    18.19    12.21     9.65     7.82  1  -6.5e-08      0.00 7.277e-01 2.660e-01 7.534e-04 3.373e-04 2.124e-03 -1.000 6.231e-03 -2.236 0.466 -0.273 -1.084 -1.599 -1.925 -2.653 -2.766
0.0048313 -0.50000 10.07918 0.8913262486 2.4469391418    0.692  2.831  3.5894  0.756    7  0.000  0.471    31.29    19.74    13.19    10.44     8.46  1  -7.8e-08      0.00 7.277e-01 2.660e-01 7.505e-04 3.408e-04 2.124e-03 -1.000 6.231e-03 -2.309 0.457 -0.293 -1.116 -1.640 -1.970 -2.714 -2.829
0.0048313 -0.50000 10.07918 0.8913290501 2.4469399058    0.681  2.860  3.5866  0.709    7  0.000  0.470    34.48    21.40    14.24    11.30     9.16  1 -9.41e-08      0.00 7.277e-01 2.660e-01 7.479e-04 3.440e-04 2.124e-03 -1.000 6.231e-03 -2.381 0.451 -0.311 -1.144 -1.678 -2.010 -2.773 -2.890
0.0048313 -0.50000 10.07918 0.8913316727 2.4469406211    0.669  2.892  3.5835  0.657    7  0.000  0.468    38.44    23.43    15.52    12.34    10.00  1 -1.15e-07      0.00 7.277e-01 2.661e-01 7.452e-04 3.473e-04 2.124e-03 -1.000 6.206e-03 -2.461 0.445 -0.330 -1.174 -1.719 -2.055 -2.838 -2.958
0.0048313 -0.50000 10.07918 0.8913340569 2.4469412713    0.655  2.925  3.5803  0.602    7  0.000  0.466    43.07    25.73    16.97    13.52    10.96  1 -1.43e-07      0.00 7.277e-01 2.661e-01 7.427e-04 3.504e-04 2.124e-03 -1.000 6.190e-03 -2.543 0.439 -0.351 -1.206 -1.761 -2.102 -2.905 -3.029
0.0048313 -0.50000 10.07918 0.8913360238 2.4469418078    0.640  2.955  3.5776  0.552    7  0.000  0.465    47.72    28.00    18.39    14.67    11.90  1 -1.75e-07      0.00 7.277e-01 2.661e-01 7.408e-04 3.527e-04 2.124e-03 -1.000 6.199e-03 -2.617 0.434 -0.367 -1.230 -1.795 -2.138 -2.965 -3.091
0.0048313 -0.50000 10.07918 0.8913382888 2.4469424255    0.621  2.990  3.5748  0.492    7  0.000  0.464    53.98    30.95    20.22    16.18    13.12  1 -2.27e-07      0.00 7.276e-01 2.661e-01 7.390e-04 3.549e-04 2.124e-03 -1.000 6.231e-03 -2.705 0.424 -0.391 -1.264 -1.839 -2.185 -3.037 -3.168
0.0048313 -0.50000 10.07918 0.8913407922 2.4469431083    0.590  3.032  3.5736  0.423    7  0.000  0.463    62.14    34.63    22.48    18.05    14.64  1 -3.21e-07      0.00 7.276e-01 2.661e-01 7.373e-04 3.569e-04 2.124e-03 -1.000 6.231e-03 -2.811 0.378 -0.451 -1.336 -1.920 -2.269 -3.135 -3.268
0.0048313 -0.50000 10.07918 0.8913422823 2.4469435146    0.565  3.055  3.5766  0.393    7  0.000  0.462    65.81    36.13    23.39    18.82    15.26  1 -4.07e-07      0.00 7.276e-01 2.661e-01 7.366e-04 3.578e-04 2.124e-03 -1.000 6.231e-03 -2.868 0.280 -0.552 -1.438 -2.018 -2.366 -3.208 -3.337
0.0048313 -0.50000 10.07918 0.8913423419 2.4469435309    0.564  3.056  3.5769  0.393    7  0.000  0.462    65.87    36.15    23.40    18.83    15.26  1 -4.12e-07      0.00 7.276e-01 2.661e-01 7.366e-04 3.578e-04 2.124e-03 -1.000 6.231e-03 -2.871 0.273 -0.559 -1.445 -2.024 -2.372 -3.212 -3.341
0.0048313 -0.50000 10.07918 0.8913424611 2.4469435634    0.563  3.056  3.5773  0.393    7  0.000  0.462    65.76    36.09    23.36    18.80    15.24  1 -4.15e-07      0.00 7.276e-01 2.661e-01 7.365e-04 3.579e-04 2.124e-03 -1.000 6.231e-03 -2.871 0.264 -0.567 -1.453 -2.031 -2.378 -3.214 -3.343
0.0048313 -0.50000 10.07918 0.8913425207 2.4469435797    0.561  3.058  3.5776  0.391    7  0.000  0.462    66.01    36.19    23.43    18.86    15.28  1 -4.21e-07      0.00 7.276e-01 2.661e-01 7.365e-04 3.579e-04 2.124e-03 -1.000 6.231e-03 -2.875 0.256 -0.575 -1.461 -2.039 -2.386 -3.220 -3.348
0.0048313 -0.50000 10.07918 0.8913425803 2.4469435959    0.560  3.060  3.5777  0.389    7  0.000  0.462    66.27    36.30    23.49    18.91    15.33  1 -4.28e-07      0.00 7.276e-01 2.661e-01 7.365e-04 3.580e-04 2.124e-03 -1.000 6.231e-03 -2.880 0.249 -0.582 -1.468 -2.046 -2.393 -3.226 -3.354
0.0048313 -0.50000 10.07918 0.8913426399 2.4469436122    0.559  3.063  3.5780  0.386    7  0.000  0.462    66.70    36.48    23.60    19.00    15.40  1 -4.37e-07      0.00 7.276e-01 2.661e-01 7.364e-04 3.580e-04 2.124e-03 -1.000 6.231e-03 -2.887 0.239 -0.592 -1.479 -2.056 -2.403 -3.234 -3.361
0.0048313 -0.50000 10.07918 0.8913428187 2.4469436609    0.556  3.067  3.5785  0.383    7  0.000  0.462    67.18    36.68    23.72    19.11    15.49  1  -4.5e-07      0.00 7.276e-01 2.661e-01 7.364e-04 3.581e-04 2.124e-03 -1.000 6.231e-03 -2.897 0.221 -0.611 -1.497 -2.074 -2.421 -3.247 -3.374
0.0048313 -0.50000 10.07918 0.8913429379 2.4469436935    0.553  3.071  3.5797  0.381    7  0.000  0.462    67.37    36.74    23.76    19.14    15.51  1 -4.66e-07      0.00 7.276e-01 2.661e-01 7.363e-04 3.581e-04 2.124e-03 -1.000 6.231e-03 -2.907 0.191 -0.640 -1.526 -2.099 -2.446 -3.263 -3.388
0.0048313 -0.50000 10.07918 0.8913431168 2.4469437422    0.549  3.076  3.5813  0.379    7  0.000  0.462    67.60    36.81    23.80    19.17    15.54  1 -4.88e-07      0.00 7.276e-01 2.661e-01 7.362e-04 3.583e-04 2.124e-03 -1.000 6.231e-03 -2.920 0.151 -0.678 -1.562 -2.131 -2.477 -3.283 -3.407
0.0048313 -0.50000 10.07918 0.8913434148 2.4469438235    0.542  3.083  3.5840  0.378    7  0.000  0.462    67.59    36.74    23.75    19.14    15.51  1 -5.23e-07      0.00 7.276e-01 2.661e-01 7.360e-04 3.585e-04 2.124e-03 -1.000 6.231e-03 -2.936 0.085 -0.739 -1.618 -2.180 -2.523 -3.313 -3.434
0.0048313 -0.50000 10.07918 0.8913437724 2.4469439210    0.534  3.090  3.5889  0.383    7  0.000  0.462    66.69    36.26    23.44    18.90    15.32  0 -5.68e-07      0.00 7.276e-01 2.662e-01 7.359e-04 3.587e-04 2.124e-03 -1.000 6.229e-03 -2.955 -0.023 -0.838 -1.706 -2.255 -2.595 -3.355 -3.471
0.0048313 -0.50000 10.07918 0.8913440108 2.4469439861    0.528  3.094  3.5966  0.405    7  0.000  0.462    63.55    34.78    22.52    18.16    14.71  0 -5.97e-07      0.00 7.276e-01 2.662e-01 7.358e-04 3.588e-04 2.124e-03 -1.000 6.227e-03 -2.966 -0.178 -0.973 -1.821 -2.348 -2.680 -3.400 -3.510
0.0048313 -0.50000 10.07918 0.8913441300 2.4469440186    0.524  3.098  3.6026  0.422    7  0.000  0.462    61.08    33.63    21.80    17.57    14.24  0 -6.17e-07      0.00 7.276e-01 2.662e-01 7.358e-04 3.588e-04 2.124e-03 -1.000 6.227e-03 -2.975 -0.296 -1.075 -1.906 -2.415 -2.741 -3.434 -3.540
0.0048313 -0.50000 10.07918 0.8913441896 2.4469440348    0.515  3.099  3.6052  0.423    7  0.000  0.462    60.76    33.39    21.65    17.46    14.14  0 -6.25e-07      0.00 7.276e-01 2.662e-01 7.358e-04 3.589e-04 2.124e-03 -1.000 6.227e-03 -2.978 -0.342 -1.116 -1.940 -2.443 -2.766 -3.448 -3.552
0.0048313 -0.50000 10.07918 1.0201518536 2.4770381801    0.531 -9.999  3.6859  7.927    9  0.531  0.000     0.00     0.00     0.00     0.00     0.00 -1    -1e-30      0.00 7.205e-01 2.746e-01 7.491e-04 4.028e-04 2.154e-03 -1.000 4.913e-03 29.767 31.027 30.667 30.158 29.814 29.559 29.085 29.023
#isochrone terminated
