# File generated by CMD 3.8 (http://stev.oapd.inaf.it/cmd) on Tue Feb 11 09:41:11 UTC 2025
# isochrones based on PARSEC release v1.2S +  COLIBRI S_37 + S_35 + PR16
# Basic references: Bressan et al. (2012), MNRAS, 427, 127 + Chen et al. (2014, 2015), MNRAS, 444, 2525 + MNRAS, 452, 1068 + Tang et al. (2014), MNRAS, 445, 4287 + Marigo et al. (2017), ApJ, 835, 77 + Pastorelli al. (2019), MNRAS, 485, 5666 + Pastorelli al. (2020), MNRAS, in press
# Thermal pulse cycles included 
# On RGB, assumed Reimers mass loss with efficiency eta=0.2
# LPV periods and growth rates added cf. Trabucchi et al. (2019)
# but fundamental-mode LPV periods are from Trabucchi et al. (2021)
# Photometric system: HST/ACS WFC - updated filters and zeropoints, 2021
# Using YBC version of bolometric corrections as in Chen et al. (2019)
# O-rich circumstellar dpmod60alox40 dust from Groenewegen (2006)
# C-rich circumstellar AMCSIC15 dust from Groenewegen (2006)
# IMF: Kroupa (2001, 2002) + Kroupa et al. (2013) canonical two-part-power law IMF corrected for unresolved binaries 
# Kind of output: isochrone tables
 Zini     MH   logAge Mini        int_IMF         Mass   logL    logTe  logg  label   McoreTP C_O  period0  period1  period2  period3  period4  pmode  Mloss  tau1m   X   Y   Xc  Xn  Xo  Cexcess  Z 	 mbolmag  F435Wmag  F475Wmag  F555Wmag  F606Wmag  F625Wmag  F775Wmag  F814Wmag
0.0030686 -0.70000 9.62325 0.0900000036 1.0816895926    0.090 -3.290  3.4214  5.320    1  0.000  0.545     0.00     0.00     0.00     0.00     0.00 -1 -4.71e-17      0.00 7.416e-01 2.552e-01 5.817e-04 1.569e-04 1.423e-03 -1.000 3.235e-03 12.995 19.624 18.420 17.540 16.565 16.224 13.268 12.845
0.0030686 -0.70000 9.62325 0.0912906602 1.0939394870    0.091 -3.261  3.4255  5.313    1  0.000  0.545     0.00     0.00     0.00     0.00     0.00 -1 -5.04e-17      0.00 7.416e-01 2.552e-01 5.817e-04 1.569e-04 1.423e-03 -1.000 3.235e-03 12.921 19.384 18.212 17.329 16.374 16.032 13.155 12.745
0.0030686 -0.70000 9.62325 0.0996865481 1.1684826845    0.100 -3.080  3.4509  5.272    1  0.000  0.545     0.00     0.00     0.00     0.00     0.00 -1 -7.68e-17      0.00 7.413e-01 2.554e-01 5.817e-04 1.569e-04 1.423e-03 -1.000 3.235e-03 12.469 17.991 16.992 16.108 15.270 14.929 12.475 12.136
0.0030686 -0.70000 9.62325 0.1026238278 1.1926576601    0.103 -3.036  3.4562  5.261    1  0.000  0.545     0.00     0.00     0.00     0.00     0.00 -1 -8.47e-17      0.00 7.412e-01 2.555e-01 5.817e-04 1.569e-04 1.423e-03 -1.000 3.235e-03 12.359 17.691 16.724 15.834 15.019 14.677 12.321 11.998
0.0030686 -0.70000 9.62325 0.1190596223 1.3130860414    0.119 -2.811  3.4835  5.210    1  0.000  0.545     0.00     0.00     0.00     0.00     0.00 -1  -1.4e-16      0.00 7.408e-01 2.560e-01 5.817e-04 1.569e-04 1.423e-03 -1.000 3.235e-03 11.798 16.243 15.421 14.507 13.800 13.453 11.563 11.306
0.0030686 -0.70000 9.62325 0.1307318360 1.3861955950    0.131 -2.697  3.4953  5.184    1  0.000  0.545     0.00     0.00     0.00     0.00     0.00 -1 -1.79e-16      0.00 7.405e-01 2.563e-01 5.817e-04 1.569e-04 1.423e-03 -1.000 3.235e-03 11.512 15.620 14.849 13.932 13.260 12.912 11.208 10.976
0.0030686 -0.70000 9.62325 0.1384327114 1.4299370102    0.138 -2.627  3.5026  5.168    1  0.000  0.545     0.00     0.00     0.00     0.00     0.00 -1 -2.08e-16      0.00 7.403e-01 2.565e-01 5.817e-04 1.569e-04 1.423e-03 -1.000 3.235e-03 11.338 15.254 14.510 13.596 12.944 12.595 10.996 10.777
0.0030686 -0.70000 9.62325 0.1578058004 1.5272545334    0.158 -2.487  3.5153  5.136    1  0.000  0.545     0.00     0.00     0.00     0.00     0.00 -1 -2.79e-16      0.00 7.399e-01 2.569e-01 5.817e-04 1.569e-04 1.423e-03 -1.000 3.235e-03 10.987 14.594 13.893 12.990 12.364 12.013 10.586 10.389
0.0030686 -0.70000 9.62325 0.1965519786 1.6820487999    0.196 -2.275  3.5320  5.086    1  0.000  0.545     0.00     0.00     0.00     0.00     0.00 -1 -4.31e-16      0.00 7.392e-01 2.576e-01 5.817e-04 1.569e-04 1.423e-03 -1.000 3.235e-03 10.458 13.709 13.057 12.183 11.584 11.234 9.994 9.821
0.0030686 -0.70000 9.62325 0.2449847013 1.8274270256    0.244 -2.077  3.5450  5.035    1  0.000  0.545     0.00     0.00     0.00     0.00     0.00 -1 -6.46e-16      0.00 7.386e-01 2.582e-01 5.817e-04 1.569e-04 1.423e-03 -1.000 3.235e-03 9.962 12.971 12.354 11.509 10.926 10.578 9.460 9.303
0.0030686 -0.70000 9.62325 0.2934174240 1.9395402136    0.293 -1.918  3.5543  4.991    1  0.000  0.545     0.00     0.00     0.00     0.00     0.00 -1 -8.95e-16      0.00 7.382e-01 2.585e-01 5.817e-04 1.570e-04 1.423e-03 -1.000 3.235e-03 9.564 12.416 11.821 10.997 10.424 10.077 9.039 8.892
0.0030686 -0.70000 9.62325 0.3418501019 2.0298541757    0.341 -1.772  3.5619  4.943    1  0.000  0.545     0.00     0.00     0.00     0.00     0.00 -1 -1.23e-15      0.00 7.416e-01 2.551e-01 5.817e-04 1.569e-04 1.423e-03 -1.000 3.235e-03 9.201 11.935 11.355 10.549 9.983 9.637 8.660 8.521
0.0030686 -0.70000 9.62325 0.3902828097 2.1048988003    0.390 -1.626  3.5723  4.896    1  0.000  0.545     0.00     0.00     0.00     0.00     0.00 -1  -1.7e-15      0.00 7.422e-01 2.546e-01 5.817e-04 1.569e-04 1.423e-03 -1.000 3.235e-03 8.835 11.420 10.859 10.075 9.519 9.176 8.275 8.146
0.0030686 -0.70000 9.62325 0.4387155771 2.1687189900    0.438 -1.467  3.5856  4.841    1  0.000  0.545     0.00     0.00     0.00     0.00     0.00 -1 -2.46e-15      0.00 7.422e-01 2.546e-01 5.817e-04 1.569e-04 1.423e-03 -1.000 3.235e-03 8.439 10.847 10.309 9.556 9.017 8.680 7.858 7.741
0.0030686 -0.70000 9.62325 0.4871482551 2.2239800132    0.487 -1.295  3.6040  4.788    1  0.000  0.545     0.00     0.00     0.00     0.00     0.00 -1 -3.68e-15      0.00 7.422e-01 2.546e-01 5.817e-04 1.569e-04 1.423e-03 -1.000 3.235e-03 8.008 10.184 9.682 8.975 8.468 8.142 7.407 7.302
0.0030686 -0.70000 9.62325 0.5355810523 2.2713497283    0.535 -1.111  3.6292  4.746    1  0.000  0.545     0.00     0.00     0.00     0.00     0.00 -1 -5.64e-15      0.00 7.511e-01 2.458e-01 5.602e-04 1.511e-04 1.371e-03 -1.000 3.102e-03 7.546 9.411 8.962 8.325 7.872 7.567 6.927 6.837
0.0030686 -0.70000 9.62325 0.5840137005 2.3099442816    0.583 -0.930  3.6583  4.719    1  0.000  0.545     0.00     0.00     0.00     0.00     0.00 -1 -8.45e-15      0.00 7.557e-01 2.412e-01 5.532e-04 1.493e-04 1.354e-03 -1.000 3.081e-03 7.094 8.576 8.192 7.646 7.267 6.995 6.456 6.381
0.0030686 -0.70000 9.62325 0.6035379171 2.3235030456    0.603 -0.859  3.6701  4.710    1  0.000  0.545     0.00     0.00     0.00     0.00     0.00 -1 -9.89e-15      0.00 7.566e-01 2.403e-01 5.516e-04 1.489e-04 1.350e-03 -1.000 3.073e-03 6.917 8.266 7.901 7.388 7.037 6.780 6.274 6.205
0.0030686 -0.70000 9.62325 0.6324463487 2.3418217219    0.632 -0.758  3.6871  4.697    1  0.000  0.545     0.00     0.00     0.00     0.00     0.00 -1 -1.24e-14      0.00 7.578e-01 2.391e-01 5.493e-04 1.482e-04 1.345e-03 -1.000 3.073e-03 6.665 7.842 7.499 7.030 6.716 6.481 6.014 5.951
0.0030686 -0.70000 9.62325 0.6380636096 2.3451604764    0.637 -0.739  3.6902  4.694    1  0.000  0.545     0.00     0.00     0.00     0.00     0.00 -1 -1.29e-14      0.00 7.581e-01 2.388e-01 5.487e-04 1.481e-04 1.344e-03 -1.000 3.077e-03 6.616 7.763 7.424 6.962 6.656 6.425 5.964 5.903
0.0030686 -0.70000 9.62325 0.6808791757 2.3685413071    0.680 -0.595  3.7137  4.673    1  0.000  0.544     0.00     0.00     0.00     0.00     0.00 -1 -1.78e-14      0.00 7.605e-01 2.365e-01 5.448e-04 1.471e-04 1.335e-03 -1.000 3.061e-03 6.258 7.225 6.915 6.500 6.234 6.028 5.609 5.555
0.0030686 -0.70000 9.62325 0.7061819434 2.3808363405    0.706 -0.513  3.7268  4.659    1  0.000  0.542     0.00     0.00     0.00     0.00     0.00 -1 -2.14e-14      0.00 7.621e-01 2.348e-01 5.389e-04 1.462e-04 1.327e-03 -1.000 3.042e-03 6.054 6.933 6.642 6.251 6.004 5.810 5.413 5.363
0.0030686 -0.70000 9.62325 0.7299686670 2.3915053499    0.729 -0.438  3.7387  4.646    1  0.000  0.540     0.00     0.00     0.00     0.00     0.00 -1 -2.54e-14      0.00 7.637e-01 2.332e-01 5.333e-04 1.453e-04 1.320e-03 -1.000 3.048e-03 5.866 6.673 6.400 6.030 5.798 5.615 5.236 5.189
0.0030686 -0.70000 9.62325 0.7334105968 2.3929833787    0.733 -0.428  3.7402  4.644    1  0.000  0.539     0.00     0.00     0.00     0.00     0.00 -1 -2.61e-14      0.00 7.640e-01 2.330e-01 5.326e-04 1.452e-04 1.319e-03 -1.000 3.041e-03 5.839 6.637 6.366 5.999 5.770 5.587 5.211 5.165
0.0030686 -0.70000 9.62325 0.7582242489 2.4031837893    0.758 -0.351  3.7512  4.626    1  0.000  0.538     0.00     0.00     0.00     0.00     0.00 -1 -3.12e-14      0.00 7.662e-01 2.308e-01 5.276e-04 1.440e-04 1.309e-03 -1.000 2.978e-03 5.648 6.387 6.133 5.784 5.568 5.395 5.035 4.992
0.0030686 -0.70000 9.62325 0.7790581584 2.4111736091    0.778 -0.288  3.7601  4.610    1  0.000  0.537     0.00     0.00     0.00     0.00     0.00 -1 -3.63e-14      0.00 7.682e-01 2.289e-01 5.233e-04 1.430e-04 1.300e-03 -1.000 2.962e-03 5.490 6.183 5.943 5.609 5.404 5.238 4.892 4.852
0.0030686 -0.70000 9.62325 0.7897028327 2.4150692219    0.789 -0.256  3.7640  4.599    1  0.000  0.537     0.00     0.00     0.00     0.00     0.00 -1 -3.93e-14      0.00 7.696e-01 2.275e-01 5.205e-04 1.423e-04 1.293e-03 -1.000 2.954e-03 5.410 6.084 5.850 5.523 5.322 5.159 4.820 4.781
0.0030686 -0.70000 9.62325 0.8134787083 2.4233485646    0.813 -0.185  3.7725  4.575    1  0.000  0.536     0.00     0.00     0.00     0.00     0.00 -1 -4.69e-14      0.00 7.730e-01 2.241e-01 5.140e-04 1.405e-04 1.278e-03 -1.000 2.901e-03 5.232 5.865 5.645 5.334 5.143 4.986 4.660 4.623
0.0030686 -0.70000 9.62325 0.8281476498 2.4281848334    0.827 -0.141  3.7775  4.559    1  0.000  0.536     0.00     0.00     0.00     0.00     0.00 -1 -5.23e-14      0.00 7.753e-01 2.218e-01 5.097e-04 1.394e-04 1.267e-03 -1.000 2.876e-03 5.123 5.732 5.521 5.219 5.033 4.881 4.562 4.527
0.0030686 -0.70000 9.62325 0.8394727111 2.4317859823    0.838 -0.108  3.7809  4.545    1  0.000  0.536     0.00     0.00     0.00     0.00     0.00 -1  -5.7e-14      0.00 7.779e-01 2.193e-01 5.049e-04 1.381e-04 1.256e-03 -1.000 2.842e-03 5.040 5.633 5.428 5.132 4.950 4.800 4.486 4.452
0.0030686 -0.70000 9.62325 0.8623074889 2.4387173104    0.861 -0.041  3.7876  4.516    1  0.000  0.536     0.00     0.00     0.00     0.00     0.00 -1 -6.79e-14      0.00 7.835e-01 2.137e-01 4.942e-04 1.352e-04 1.230e-03 -1.000 2.804e-03 4.871 5.434 5.240 4.956 4.782 4.637 4.334 4.301
0.0030686 -0.70000 9.62325 0.8772370815 2.4430254061    0.876  0.003  3.7917  4.496    1  0.000  0.535     0.00     0.00     0.00     0.00     0.00 -1 -7.63e-14      0.00 7.876e-01 2.096e-01 4.865e-04 1.331e-04 1.211e-03 -1.000 2.774e-03 4.762 5.306 5.119 4.843 4.672 4.531 4.234 4.203
0.0030686 -0.70000 9.62325 0.8836768270 2.4448320688    0.882  0.022  3.7934  4.487    1  0.000  0.535     0.00     0.00     0.00     0.00     0.00 -1 -8.02e-14      0.00 7.891e-01 2.081e-01 4.839e-04 1.325e-04 1.205e-03 -1.000 2.758e-03 4.714 5.251 5.067 4.794 4.625 4.485 4.191 4.160
0.0030686 -0.70000 9.62325 0.9004407525 2.4493961037    0.899  0.072  3.7978  4.463    1  0.000  0.535     0.00     0.00     0.00     0.00     0.00 -1 -9.15e-14      0.00 7.929e-01 2.044e-01 4.778e-04 1.308e-04 1.191e-03 -1.000 2.704e-03 4.590 5.108 4.931 4.666 4.502 4.365 4.078 4.048
0.0030686 -0.70000 9.62325 0.9163619876 2.4535533885    0.915  0.119  3.8018  4.440    1  0.000  0.534     0.00     0.00     0.00     0.00     0.00 -1 -1.04e-13      0.00 7.962e-01 2.012e-01 4.728e-04 1.295e-04 1.180e-03 -1.000 2.650e-03 4.472 4.973 4.801 4.544 4.384 4.251 3.970 3.941
0.0030686 -0.70000 9.62325 0.9263266325 2.4560718604    0.925  0.149  3.8042  4.424    1  0.000  0.534     0.00     0.00     0.00     0.00     0.00 -1 -1.13e-13      0.00 7.980e-01 1.993e-01 4.701e-04 1.288e-04 1.174e-03 -1.000 2.649e-03 4.398 4.888 4.720 4.467 4.311 4.179 3.902 3.874
0.0030686 -0.70000 9.62325 0.9305579066 2.4571225332    0.929  0.161  3.8053  4.418    1  0.000  0.534     0.00     0.00     0.00     0.00     0.00 -1 -1.16e-13      0.00 7.981e-01 1.993e-01 4.706e-04 1.290e-04 1.175e-03 -1.000 2.659e-03 4.367 4.852 4.686 4.435 4.279 4.148 3.874 3.846
0.0030686 -0.70000 9.62325 0.9442263842 2.4604427012    0.943  0.202  3.8087  4.397    1  0.000  0.534     0.00     0.00     0.00     0.00     0.00 -1  -1.3e-13      0.00 7.980e-01 1.993e-01 4.723e-04 1.295e-04 1.180e-03 -1.000 2.680e-03 4.264 4.735 4.574 4.329 4.177 4.049 3.780 3.753
0.0030686 -0.70000 9.62325 0.9683417678 2.4660384901    0.967  0.276  3.8146  4.358    1  0.000  0.533     0.00     0.00     0.00     0.00     0.00 -1 -1.59e-13      0.00 7.978e-01 1.995e-01 4.756e-04 1.304e-04 1.189e-03 -1.000 2.716e-03 4.080 4.527 4.374 4.139 3.993 3.870 3.610 3.585
0.0030686 -0.70000 9.62325 0.9754160643 2.4676197829    0.974  0.298  3.8162  4.346    1  0.000  0.533     0.00     0.00     0.00     0.00     0.00 -1 -1.69e-13      0.00 7.977e-01 1.996e-01 4.766e-04 1.307e-04 1.192e-03 -1.000 2.739e-03 4.025 4.465 4.314 4.082 3.939 3.816 3.559 3.534
0.0030686 -0.70000 9.62325 0.9810508490 2.4688605602    0.980  0.315  3.8176  4.336    1  0.000  0.533     0.00     0.00     0.00     0.00     0.00 -1 -1.76e-13      0.00 7.977e-01 1.995e-01 4.765e-04 1.307e-04 1.191e-03 -1.000 2.741e-03 3.982 4.416 4.267 4.038 3.895 3.774 3.519 3.495
0.0030686 -0.70000 9.62325 0.9982860088 2.4725559508    0.997  0.369  3.8216  4.306    1  0.000  0.533     0.00     0.00     0.00     0.00     0.00 -1 -2.01e-13      0.00 7.979e-01 1.994e-01 4.764e-04 1.307e-04 1.191e-03 -1.000 2.728e-03 3.848 4.266 4.122 3.899 3.761 3.643 3.395 3.371
0.0030686 -0.70000 9.62325 1.0137244463 2.4757437053    1.012  0.417  3.8248  4.277    1  0.000  0.533     0.00     0.00     0.00     0.00     0.00 -1 -2.28e-13      0.00 7.979e-01 1.994e-01 4.766e-04 1.308e-04 1.192e-03 -1.000 2.736e-03 3.727 4.131 3.992 3.775 3.640 3.524 3.282 3.259
0.0030686 -0.70000 9.62325 1.0245054960 2.4779043972    1.023  0.451  3.8269  4.256    1  0.000  0.533     0.00     0.00     0.00     0.00     0.00 -1 -2.48e-13      0.00 7.978e-01 1.995e-01 4.769e-04 1.308e-04 1.193e-03 -1.000 2.743e-03 3.643 4.038 3.901 3.687 3.555 3.441 3.202 3.180
0.0030686 -0.70000 9.62325 1.0282591581 2.4786444720    1.027  0.463  3.8276  4.249    1  0.000  0.533     0.00     0.00     0.00     0.00     0.00 -1 -2.55e-13      0.00 7.977e-01 1.995e-01 4.770e-04 1.309e-04 1.193e-03 -1.000 2.741e-03 3.614 4.006 3.870 3.657 3.526 3.412 3.175 3.153
0.0030686 -0.70000 9.62325 1.0419195890 2.4812860838    1.040  0.506  3.8301  4.222    1  0.000  0.533     0.00     0.00     0.00     0.00     0.00 -1 -2.84e-13      0.00 7.974e-01 1.999e-01 4.776e-04 1.310e-04 1.195e-03 -1.000 2.734e-03 3.506 3.887 3.754 3.546 3.417 3.306 3.073 3.051
0.0030686 -0.70000 9.62325 1.0534023046 2.4834457324    1.052  0.544  3.8319  4.196    1  0.000  0.533     0.00     0.00     0.00     0.00     0.00 -1 -3.13e-13      0.00 7.967e-01 2.005e-01 4.789e-04 1.314e-04 1.198e-03 -1.000 2.724e-03 3.410 3.783 3.653 3.448 3.321 3.211 2.981 2.960
0.0030686 -0.70000 9.62325 1.0628100634 2.4851751883    1.061  0.577  3.8334  4.172    1  0.000  0.533     0.00     0.00     0.00     0.00     0.00 -1 -3.41e-13      0.00 7.954e-01 2.018e-01 4.812e-04 1.320e-04 1.203e-03 -1.000 2.722e-03 3.328 3.694 3.566 3.363 3.238 3.129 2.902 2.882
0.0030686 -0.70000 9.62325 1.0735950470 2.4871150015    1.072  0.616  3.8347  4.143    1  0.000  0.533     0.00     0.00     0.00     0.00     0.00 -1 -3.79e-13      0.00 7.934e-01 2.038e-01 4.848e-04 1.329e-04 1.212e-03 -1.000 2.735e-03 3.230 3.589 3.462 3.263 3.139 3.032 2.807 2.787
0.0030686 -0.70000 9.62325 1.0747697353 2.4873235817    1.073  0.620  3.8348  4.139    1  0.000  0.533     0.00     0.00     0.00     0.00     0.00 -1 -3.84e-13      0.00 7.933e-01 2.040e-01 4.851e-04 1.330e-04 1.212e-03 -1.000 2.738e-03 3.219 3.578 3.451 3.252 3.128 3.021 2.797 2.777
0.0030686 -0.70000 9.62325 1.0786422491 2.4880074950    1.077  0.636  3.8350  4.127    1  0.000  0.533     0.00     0.00     0.00     0.00     0.00 -1    -4e-13      0.00 7.928e-01 2.045e-01 4.860e-04 1.332e-04 1.214e-03 -1.000 2.745e-03 3.181 3.539 3.412 3.213 3.090 2.983 2.760 2.739
0.0030686 -0.70000 9.62325 1.0846004486 2.4890487950    1.082  0.661  3.8350  4.104    1  0.000  0.534     0.00     0.00     0.00     0.00     0.00 -1 -4.28e-13      0.00 7.920e-01 2.052e-01 4.871e-04 1.336e-04 1.217e-03 -1.000 2.753e-03 3.119 3.474 3.348 3.150 3.027 2.920 2.697 2.676
0.0030686 -0.70000 9.62325 1.0901186466 2.4900015303    1.088  0.686  3.8347  4.079    1  0.000  0.534     0.00     0.00     0.00     0.00     0.00 -1 -4.61e-13      0.00 7.914e-01 2.058e-01 4.881e-04 1.338e-04 1.220e-03 -1.000 2.756e-03 3.055 3.410 3.284 3.085 2.962 2.855 2.632 2.612
0.0030686 -0.70000 9.62325 1.0936464071 2.4906048196    1.091  0.704  3.8342  4.060    1  0.000  0.534     0.00     0.00     0.00     0.00     0.00 -1 -4.89e-13      0.00 7.911e-01 2.062e-01 4.886e-04 1.340e-04 1.221e-03 -1.000 2.750e-03 3.009 3.365 3.238 3.039 2.916 2.808 2.585 2.564
0.0030686 -0.70000 9.62325 1.0961606503 2.4910320609    1.094  0.715  3.8337  4.048    2  0.000  0.534     0.00     0.00     0.00     0.00     0.00 -1 -5.07e-13      0.00 7.908e-01 2.064e-01 4.891e-04 1.341e-04 1.222e-03 -1.000 2.752e-03 2.981 3.338 3.211 3.011 2.887 2.780 2.556 2.535
0.0030686 -0.70000 9.62325 1.1018278599 2.4919868627    1.100  0.740  3.8322  4.020    2  0.000  0.534     0.00     0.00     0.00     0.00     0.00 -1 -5.45e-13      0.00 7.902e-01 2.071e-01 4.902e-04 1.344e-04 1.224e-03 -1.000 2.756e-03 2.921 3.281 3.153 2.951 2.826 2.718 2.491 2.470
0.0030686 -0.70000 9.62325 1.1090537310 2.4931880042    1.107  0.771  3.8292  3.980    2  0.000  0.534     0.00     0.00     0.00     0.00     0.00 -1 -6.03e-13      0.00 7.893e-01 2.079e-01 4.915e-04 1.348e-04 1.228e-03 -1.000 2.762e-03 2.842 3.210 3.079 2.873 2.746 2.635 2.405 2.383
0.0030686 -0.70000 9.62325 1.1148393154 2.4941368327    1.112  0.798  3.8257  3.941    2  0.000  0.534     0.00     0.00     0.00     0.00     0.00 -1 -6.64e-13      0.00 7.887e-01 2.086e-01 4.926e-04 1.350e-04 1.230e-03 -1.000 2.766e-03 2.775 3.153 3.019 2.808 2.678 2.565 2.329 2.306
0.0030686 -0.70000 9.62325 1.1213577986 2.4951923777    1.119  0.830  3.8197  3.888    2  0.000  0.534     0.00     0.00     0.00     0.00     0.00 -1 -7.49e-13      0.00 7.879e-01 2.093e-01 4.938e-04 1.354e-04 1.233e-03 -1.000 2.771e-03 2.695 3.092 2.951 2.732 2.596 2.479 2.234 2.209
0.0030686 -0.70000 9.62325 1.1226844788 2.4954054827    1.120  0.837  3.8176  3.873    2  0.000  0.534     0.00     0.00     0.00     0.00     0.00 -1 -7.72e-13      0.00 7.878e-01 2.095e-01 4.941e-04 1.354e-04 1.234e-03 -1.000 2.772e-03 2.679 3.083 2.940 2.718 2.579 2.461 2.212 2.187
0.0030686 -0.70000 9.62325 1.1281697750 2.4962804728    1.126  0.864  3.8092  3.815    2  0.000  0.534     0.00     0.00     0.00     0.00     0.00 -1 -8.68e-13      0.00 7.874e-01 2.098e-01 4.945e-04 1.356e-04 1.235e-03 -1.000 2.778e-03 2.611 3.047 2.893 2.658 2.511 2.386 2.124 2.097
0.0030686 -0.70000 9.62325 1.1327266693 2.4969999621    1.130  0.882  3.7975  3.751    2  0.000  0.534     0.00     0.00     0.00     0.00     0.00 -1 -9.67e-13      0.00 7.858e-01 2.114e-01 4.965e-04 1.361e-04 1.240e-03 -1.000 2.789e-03 2.564 3.049 2.880 2.624 2.465 2.331 2.051 2.021
0.0030686 -0.70000 9.62325 1.1357580423 2.4974749107    1.133  0.887  3.7861  3.702    2  0.000  0.535     0.00     0.00     0.00     0.00     0.00 -1 -1.03e-12      0.00 7.799e-01 2.173e-01 5.044e-04 1.382e-04 1.258e-03 -1.000 2.805e-03 2.554 3.090 2.904 2.629 2.457 2.315 2.016 1.983
0.0030686 -0.70000 9.62325 1.1378812790 2.4978058421    1.135  0.882  3.7756  3.666    2  0.000  0.535     0.00     0.00     0.00     0.00     0.00 -1 -1.06e-12      0.00 7.737e-01 2.234e-01 5.144e-04 1.409e-04 1.282e-03 -1.000 2.880e-03 2.566 3.154 2.951 2.657 2.475 2.325 2.008 1.972
0.0030686 -0.70000 9.62325 1.1394821405 2.4980544176    1.137  0.874  3.7663  3.636    2  0.000  0.536     0.00     0.00     0.00     0.00     0.00 -1 -1.07e-12      0.00 7.673e-01 2.297e-01 5.259e-04 1.439e-04 1.309e-03 -1.000 2.991e-03 2.584 3.219 3.001 2.691 2.498 2.341 2.010 1.971
0.0030686 -0.70000 9.62325 1.1407963037 2.4982578762    1.138  0.865  3.7579  3.613    2  0.000  0.536     0.00     0.00     0.00     0.00     0.00 -1 -1.08e-12      0.00 7.587e-01 2.383e-01 5.435e-04 1.486e-04 1.351e-03 -1.000 3.045e-03 2.606 3.286 3.054 2.729 2.527 2.364 2.019 1.978
0.0030686 -0.70000 9.62325 1.1417561769 2.4984061434    1.139  0.857  3.7514  3.595    2  0.000  0.537     0.00     0.00     0.00     0.00     0.00 -1 -1.08e-12      0.00 7.545e-01 2.424e-01 5.514e-04 1.507e-04 1.370e-03 -1.000 3.090e-03 2.627 3.342 3.100 2.764 2.555 2.387 2.031 1.988
0.0030686 -0.70000 9.62325 1.1426986456 2.4985514434    1.140  0.852  3.7452  3.576    2  0.000  0.537     0.00     0.00     0.00     0.00     0.00 -1 -1.08e-12      0.00 7.518e-01 2.451e-01 5.562e-04 1.520e-04 1.381e-03 -1.000 3.130e-03 2.641 3.390 3.139 2.792 2.576 2.404 2.038 1.993
0.0030686 -0.70000 9.62325 1.1440931559 2.4987659297    1.141  0.859  3.7377  3.539    2  0.000  0.537     0.00     0.00     0.00     0.00     0.00 -1 -1.14e-12      0.00 7.492e-01 2.476e-01 5.605e-04 1.531e-04 1.391e-03 -1.000 3.140e-03 2.622 3.413 3.151 2.791 2.567 2.390 2.012 1.965
0.0030686 -0.70000 9.62325 1.1453226805 2.4989545417    1.143  0.879  3.7329  3.500    2  0.000  0.537     0.00     0.00     0.00     0.00     0.00 -1 -1.24e-12      0.00 7.474e-01 2.495e-01 5.629e-04 1.538e-04 1.397e-03 -1.000 3.185e-03 2.572 3.393 3.122 2.754 2.525 2.344 1.958 1.910
0.0030686 -0.70000 9.62325 1.1458387375 2.4990335674    1.143  0.891  3.7313  3.483    2  0.000  0.537     0.00     0.00     0.00     0.00     0.00 -1  -1.3e-12      0.00 7.466e-01 2.502e-01 5.636e-04 1.540e-04 1.399e-03 -1.000 3.165e-03 2.544 3.374 3.100 2.729 2.498 2.316 1.928 1.879
0.0030686 -0.70000 9.62325 1.1465380192 2.4991405204    1.144  0.909  3.7295  3.457    3  0.000  0.537     0.00     0.00     0.00     0.00     0.00 -1  -1.4e-12      0.00 7.456e-01 2.512e-01 5.640e-04 1.543e-04 1.401e-03 -1.000 3.209e-03 2.497 3.338 3.061 2.687 2.454 2.271 1.880 1.830
0.0030686 -0.70000 9.62325 1.1481124163 2.4993807714    1.145  0.956  3.7261  3.397    3  0.000  0.533     0.00     0.00     0.00     0.00     0.00 -1 -1.66e-12      0.00 7.430e-01 2.538e-01 5.613e-04 1.562e-04 1.404e-03 -1.000 3.184e-03 2.380 3.241 2.959 2.580 2.343 2.157 1.761 1.710
0.0030686 -0.70000 9.62325 1.1493922472 2.4995755144    1.147  0.999  3.7239  3.346    3  0.000  0.522     0.00     0.00     0.00     0.00     0.00 -1 -1.93e-12      0.00 7.405e-01 2.563e-01 5.484e-04 1.665e-04 1.407e-03 -1.000 3.199e-03 2.273 3.148 2.862 2.479 2.240 2.053 1.653 1.601
0.0030686 -0.70000 9.62325 1.1506096125 2.4997602901    1.148  1.043  3.7219  3.295    3  0.000  0.499     0.00     0.00     0.00     0.00     0.00 -1 -2.26e-12      0.00 7.378e-01 2.590e-01 5.233e-04 1.945e-04 1.408e-03 -1.000 3.232e-03 2.163 3.050 2.761 2.375 2.133 1.945 1.542 1.490
0.0030686 -0.70000 9.62325 1.1517287493 2.4999297602    1.149  1.086  3.7201  3.245    3  0.000  0.475     0.00     0.00     0.00     0.00     0.00 -1 -2.64e-12      0.00 7.351e-01 2.616e-01 4.987e-04 2.248e-04 1.410e-03 -1.000 3.202e-03 2.054 2.952 2.660 2.271 2.028 1.838 1.432 1.379
0.0030686 -0.70000 9.62325 1.1528477669 2.5000988339    1.150  1.133  3.7183  3.191    3  0.000  0.455     0.00     0.00     0.00     0.00     0.00 -1 -3.12e-12      0.00 7.325e-01 2.643e-01 4.783e-04 2.504e-04 1.411e-03 -1.000 3.219e-03 1.937 2.848 2.553 2.160 1.915 1.724 1.315 1.261
0.0030686 -0.70000 9.62325 1.1538672447 2.5002525398    1.151  1.179  3.7166  3.138    3  0.000  0.441     0.00     0.00     0.00     0.00     0.00 -1 -3.68e-12      0.00 7.301e-01 2.667e-01 4.642e-04 2.682e-04 1.412e-03 -1.000 3.221e-03 1.823 2.745 2.447 2.051 1.804 1.611 1.199 1.146
0.0030686 -0.70000 9.62325 1.1547362804 2.5003833173    1.152  1.221  3.7150  3.090    3  0.000  0.432     0.00     0.00     0.00     0.00     0.00 -1 -4.28e-12      0.00 7.283e-01 2.685e-01 4.551e-04 2.798e-04 1.412e-03 -1.000 3.224e-03 1.717 2.651 2.350 1.950 1.701 1.508 1.093 1.039
0.0030686 -0.70000 9.62325 1.1555885077 2.5005113457    1.153  1.266  3.7132  3.039    3  0.000  0.425     0.00     0.00     0.00     0.00     0.00 -1 -5.02e-12      0.00 7.268e-01 2.700e-01 4.482e-04 2.886e-04 1.413e-03 -1.000 3.235e-03 1.605 2.551 2.247 1.845 1.594 1.399 0.981 0.926
0.0030686 -0.70000 9.62325 1.1563684940 2.5006283313    1.153  1.310  3.7114  2.987    3  0.000  0.420     0.00     0.00     0.00     0.00     0.00 -1 -5.89e-12      0.00 7.256e-01 2.712e-01 4.433e-04 2.948e-04 1.413e-03 -1.000 3.235e-03 1.494 2.453 2.146 1.740 1.487 1.291 0.870 0.814
0.0030686 -0.70000 9.62325 1.1570873260 2.5007359841    1.154  1.354  3.7095  2.936    3  0.000  0.416     0.00     0.00     0.00     0.00     0.00 -1 -6.91e-12      0.00 7.247e-01 2.721e-01 4.399e-04 2.991e-04 1.413e-03 -1.000 3.235e-03 1.384 2.357 2.046 1.636 1.381 1.183 0.759 0.703
0.0030686 -0.70000 9.62325 1.1577389240 2.5008334350    1.155  1.398  3.7076  2.885    3  0.000  0.414     0.00     0.00     0.00     0.00     0.00 -1 -8.09e-12      0.00 7.241e-01 2.727e-01 4.376e-04 3.020e-04 1.413e-03 -1.000 3.235e-03 1.275 2.262 1.947 1.534 1.276 1.078 0.650 0.593
0.0030686 -0.70000 9.62325 1.1583567858 2.5009257241    1.155  1.443  3.7056  2.832    3  0.000  0.412     0.00     0.00     0.00     0.00     0.00 -1 -9.52e-12      0.00 7.237e-01 2.731e-01 4.361e-04 3.040e-04 1.414e-03 -1.000 3.235e-03 1.163 2.166 1.847 1.430 1.170 0.970 0.538 0.481
0.0030686 -0.70000 9.62325 1.1588871479 2.5010048532    1.156  1.484  3.7037  2.783    3  0.000  0.412     0.00     0.00     0.00     0.00     0.00 -1 -1.11e-11      0.00 7.235e-01 2.733e-01 4.352e-04 3.051e-04 1.414e-03 -1.000 3.222e-03 1.059 2.077 1.754 1.333 1.071 0.869 0.434 0.376
0.0030686 -0.70000 9.62325 1.1593916416 2.5010800455    1.156  1.527  3.7016  2.732    3  0.000  0.411     0.00     0.00     0.00     0.00     0.00 -1 -1.29e-11      0.00 7.233e-01 2.735e-01 4.347e-04 3.057e-04 1.414e-03 -1.000 3.229e-03 0.952 1.986 1.659 1.234 0.969 0.766 0.327 0.268
0.0030686 -0.70000 9.62325 1.1598455906 2.5011476401    1.156  1.569  3.6996  2.683    3  0.000  0.411     0.00     0.00     0.00     0.00     0.00 -1 -1.51e-11      0.00 7.233e-01 2.735e-01 4.345e-04 3.060e-04 1.414e-03 -1.000 3.235e-03 0.848 1.899 1.568 1.139 0.871 0.666 0.223 0.164
0.0030686 -0.70000 9.62325 1.1602518559 2.5012080828    1.157  1.609  3.6976  2.635    3  0.000  0.411     0.00     0.00     0.00     0.00     0.00 -1 -1.74e-11      0.00 7.233e-01 2.735e-01 4.344e-04 3.061e-04 1.414e-03 -1.000 3.231e-03 0.749 1.816 1.481 1.048 0.778 0.571 0.125 0.064
0.0030686 -0.70000 9.62325 1.1606403589 2.5012658374    1.157  1.649  3.6955  2.586    3  0.000  0.411     0.00     0.00     0.00     0.00     0.00 -1 -2.03e-11      0.00 7.233e-01 2.735e-01 4.343e-04 3.062e-04 1.414e-03 -1.000 3.231e-03 0.646 1.731 1.392 0.955 0.682 0.474 0.023 -0.038
0.0030686 -0.70000 9.62325 1.1609970331 2.5013188213    1.157  1.690  3.6934  2.537    3  0.000  0.411     0.00     0.00     0.00     0.00     0.00 -1 -2.35e-11      0.00 7.233e-01 2.735e-01 4.343e-04 3.062e-04 1.414e-03 -1.000 3.232e-03 0.546 1.647 1.305 0.864 0.588 0.378 -0.076 -0.139
0.0030686 -0.70000 9.62325 1.1613283157 2.5013679997    1.157  1.730  3.6912  2.489    3  0.000  0.411     0.00     0.00     0.00     0.00     0.00 -1 -2.72e-11      0.00 7.233e-01 2.735e-01 4.342e-04 3.063e-04 1.414e-03 -1.000 3.232e-03 0.446 1.566 1.219 0.773 0.494 0.283 -0.175 -0.238
0.0030686 -0.70000 9.62325 1.1616314650 2.5014129734    1.158  1.768  3.6891  2.441    3  0.000  0.411     0.00     0.00     0.00     0.00     0.00 -1 -3.14e-11      0.00 7.233e-01 2.735e-01 4.342e-04 3.063e-04 1.414e-03 -1.000 3.232e-03 0.349 1.489 1.137 0.686 0.404 0.190 -0.272 -0.336
0.0030686 -0.70000 9.62325 1.1619120836 2.5014545806    1.158  1.806  3.6869  2.395    3  0.000  0.411     0.00     0.00     0.00     0.00     0.00 -1 -3.61e-11      0.00 7.233e-01 2.735e-01 4.341e-04 3.064e-04 1.414e-03 -1.000 3.232e-03 0.254 1.415 1.058 0.602 0.316 0.101 -0.366 -0.430
0.0030686 -0.70000 9.62325 1.1621836424 2.5014948225    1.158  1.844  3.6848  2.349    3  0.000  0.410     0.00     0.00     0.00     0.00     0.00 -1 -4.15e-11      0.00 7.233e-01 2.735e-01 4.341e-04 3.064e-04 1.414e-03 -1.000 3.232e-03 0.161 1.342 0.980 0.518 0.230 0.012 -0.458 -0.524
0.0030686 -0.70000 9.62325 1.1624441147 2.5015334012    1.158  1.878  3.6828  2.307    3  0.000  0.410     0.00     0.00     0.00     0.00     0.00 -1 -4.72e-11      0.00 7.233e-01 2.735e-01 4.341e-04 3.065e-04 1.414e-03 -1.000 3.232e-03 0.075 1.276 0.909 0.443 0.151 -0.068 -0.543 -0.609
0.0030686 -0.70000 9.62325 1.1628218889 2.5015893182    1.158  1.912  3.6809  2.265    3  0.000  0.410     0.00     0.00     0.00     0.00     0.00 -1 -5.38e-11      0.00 7.233e-01 2.735e-01 4.340e-04 3.066e-04 1.414e-03 -1.000 3.232e-03 -0.011 1.209 0.837 0.366 0.071 -0.150 -0.628 -0.695
0.0030686 -0.70000 9.62325 1.1630073786 2.5016167585    1.158  1.895  3.6822  2.288    3  0.000  0.410     0.00     0.00     0.00     0.00     0.00 -1 -5.09e-11      0.00 7.233e-01 2.735e-01 4.340e-04 3.066e-04 1.414e-03 -1.000 3.232e-03 0.033 1.240 0.872 0.403 0.110 -0.109 -0.585 -0.652
0.0030686 -0.70000 9.62325 1.1631832123 2.5016427611    1.158  1.857  3.6848  2.336    3  0.000  0.410     0.00     0.00     0.00     0.00     0.00 -1 -4.43e-11      0.00 7.233e-01 2.735e-01 4.340e-04 3.066e-04 1.414e-03 -1.000 3.232e-03 0.127 1.310 0.947 0.485 0.196 -0.021 -0.492 -0.557
0.0030686 -0.70000 9.62325 1.1632295847 2.5016496173    1.158  1.847  3.6854  2.348    3  0.000  0.410     0.00     0.00     0.00     0.00     0.00 -1 -4.25e-11      0.00 7.233e-01 2.735e-01 4.340e-04 3.066e-04 1.414e-03 -1.000 3.232e-03 0.152 1.328 0.967 0.507 0.219 0.002 -0.467 -0.533
0.0030686 -0.70000 9.62325 1.1634197235 2.5016777226    1.158  1.880  3.6835  2.308    3  0.000  0.410     0.00     0.00     0.00     0.00     0.00 -1 -4.76e-11      0.00 7.233e-01 2.735e-01 4.339e-04 3.067e-04 1.414e-03 -1.000 3.232e-03 0.069 1.264 0.899 0.433 0.142 -0.076 -0.549 -0.615
0.0030686 -0.70000 9.62325 1.1636646986 2.5017139179    1.159  1.923  3.6809  2.254    3  0.000  0.410     0.00     0.00     0.00     0.00     0.00 -1 -5.56e-11      0.00 7.233e-01 2.735e-01 4.339e-04 3.067e-04 1.414e-03 -1.000 3.232e-03 -0.038 1.182 0.810 0.339 0.044 -0.177 -0.655 -0.722
0.0030686 -0.70000 9.62325 1.1638942957 2.5017478252    1.159  1.965  3.6784  2.203    3  0.000  0.410     0.00     0.00     0.00     0.00     0.00 -1 -6.49e-11      0.00 7.233e-01 2.735e-01 4.339e-04 3.067e-04 1.414e-03 -1.000 3.233e-03 -0.142 1.104 0.726 0.248 -0.052 -0.275 -0.758 -0.826
0.0030686 -0.70000 9.62325 1.1641129255 2.5017800986    1.159  2.007  3.6758  2.150    3  0.000  0.410     0.00     0.00     0.00     0.00     0.00 -1  -7.6e-11      0.00 7.233e-01 2.735e-01 4.338e-04 3.068e-04 1.414e-03 -1.000 3.233e-03 -0.247 1.026 0.641 0.156 -0.147 -0.373 -0.862 -0.931
0.0030686 -0.70000 9.62325 1.1643165350 2.5018101422    1.159  2.049  3.6732  2.098    3  0.000  0.410     0.00     0.00     0.00     0.00     0.00 -1 -8.88e-11      0.00 7.233e-01 2.735e-01 4.338e-04 3.068e-04 1.414e-03 -1.000 3.233e-03 -0.352 0.949 0.558 0.066 -0.242 -0.471 -0.965 -1.035
0.0030686 -0.70000 9.62325 1.1645027399 2.5018376071    1.159  2.090  3.6706  2.047    3  0.000  0.410     0.00     0.00     0.00     0.00     0.00 -1 -1.04e-10      0.00 7.233e-01 2.735e-01 4.338e-04 3.069e-04 1.414e-03 -1.000 3.233e-03 -0.454 0.875 0.477 -0.022 -0.335 -0.566 -1.066 -1.137
0.0030686 -0.70000 9.62325 1.1646778584 2.5018634275    1.158  2.131  3.6679  1.994    3  0.000  0.410     0.00     0.00     0.00     0.00     0.00 -1 -1.21e-10      0.00 7.233e-01 2.735e-01 4.338e-04 3.069e-04 1.414e-03 -1.000 3.233e-03 -0.558 0.802 0.397 -0.111 -0.428 -0.662 -1.168 -1.240
0.0030686 -0.70000 9.62325 1.1648387909 2.5018871484    1.158  2.172  3.6652  1.942    3  0.000  0.410     0.00     0.00     0.00     0.00     0.00 -1 -1.41e-10      0.00 7.233e-01 2.735e-01 4.337e-04 3.069e-04 1.414e-03 -1.000 3.233e-03 -0.661 0.739 0.320 -0.200 -0.523 -0.761 -1.271 -1.344
0.0030686 -0.70000 9.62325 1.1649843454 2.5019085961    1.158  2.212  3.6625  1.891    3  0.000  0.410     0.00     0.00     0.00     0.00     0.00 -1 -1.64e-10      0.00 7.233e-01 2.735e-01 4.337e-04 3.069e-04 1.414e-03 -1.000 3.233e-03 -0.761 0.678 0.247 -0.286 -0.615 -0.856 -1.370 -1.444
0.0030686 -0.70000 9.62325 1.1651234627 2.5019290896    1.158  2.254  3.6597  1.839    3  0.000  0.410     0.00     0.00     0.00     0.00     0.00 -1 -1.92e-10      0.00 7.233e-01 2.735e-01 4.337e-04 3.070e-04 1.414e-03 -1.000 3.233e-03 -0.864 0.618 0.172 -0.373 -0.709 -0.953 -1.472 -1.546
0.0030686 -0.70000 9.62325 1.1652493477 2.5019476289    1.158  2.293  3.6569  1.788    3  0.000  0.410     0.00     0.00     0.00     0.00     0.00 -1 -2.23e-10      0.00 7.233e-01 2.735e-01 4.337e-04 3.070e-04 1.414e-03 -1.000 3.233e-03 -0.964 0.562 0.102 -0.456 -0.798 -1.045 -1.568 -1.644
0.0030686 -0.70000 9.62325 1.1653683186 2.5019651458    1.158  2.334  3.6541  1.736    3  0.000  0.410     0.00     0.00     0.00     0.00     0.00 -1  -2.6e-10      0.00 7.233e-01 2.735e-01 4.337e-04 3.070e-04 1.414e-03 -1.000 3.233e-03 -1.065 0.506 0.031 -0.540 -0.887 -1.138 -1.666 -1.743
0.0030686 -0.70000 9.62325 1.1654753685 2.5019809039    1.157  2.373  3.6513  1.686    3  0.000  0.410     0.00     0.00     0.00     0.00     0.00 -1 -3.02e-10      0.00 7.233e-01 2.735e-01 4.336e-04 3.070e-04 1.414e-03 -1.000 3.233e-03 -1.163 0.453 -0.037 -0.620 -0.974 -1.228 -1.760 -1.838
0.0030686 -0.70000 9.62325 1.1655766964 2.5019958167    1.157  2.413  3.6485  1.634    3  0.000  0.410     0.00     0.00     0.00     0.00     0.00 -1 -3.52e-10      0.00 7.233e-01 2.735e-01 4.336e-04 3.070e-04 1.414e-03 -1.000 3.233e-03 -1.262 0.402 -0.104 -0.701 -1.061 -1.318 -1.855 -1.934
0.0030686 -0.70000 9.62325 1.1656682491 2.5020092882    1.157  2.452  3.6457  1.584    3  0.000  0.410     0.00     0.00     0.00     0.00     0.00 -1 -4.08e-10      0.00 7.233e-01 2.735e-01 4.336e-04 3.071e-04 1.414e-03 -1.000 3.233e-03 -1.359 0.354 -0.168 -0.778 -1.143 -1.404 -1.946 -2.026
0.0030686 -0.70000 9.62325 1.1657539606 2.5020218981    1.156  2.490  3.6428  1.534    3  0.000  0.410     0.00     0.00     0.00     0.00     0.00 -1 -4.73e-10      0.00 7.233e-01 2.735e-01 4.336e-04 3.071e-04 1.414e-03 -1.000 3.233e-03 -1.456 0.307 -0.231 -0.854 -1.226 -1.490 -2.037 -2.119
0.0030686 -0.70000 9.62325 1.1658345461 2.5020337518    1.156  2.529  3.6400  1.483    3  0.000  0.410     7.93     6.05     4.31     3.29     2.67  4 -5.48e-10      0.00 7.233e-01 2.735e-01 4.336e-04 3.071e-04 1.414e-03 -1.000 3.233e-03 -1.553 0.260 -0.294 -0.930 -1.308 -1.575 -2.128 -2.211
0.0030686 -0.70000 9.62325 1.1659078598 2.5020445343    1.155  2.567  3.6371  1.434    3  0.000  0.410     8.78     6.61     4.69     3.59     2.91  4 -6.34e-10      0.00 7.233e-01 2.735e-01 4.336e-04 3.071e-04 1.414e-03 -1.000 3.233e-03 -1.648 0.213 -0.352 -0.998 -1.384 -1.654 -2.216 -2.300
0.0030686 -0.70000 9.62325 1.1659779549 2.5020548419    1.155  2.606  3.6342  1.384    3  0.000  0.410     9.74     7.24     5.12     3.92     3.18  4 -7.35e-10      0.00 7.233e-01 2.735e-01 4.336e-04 3.071e-04 1.414e-03 -1.000 3.233e-03 -1.744 0.166 -0.412 -1.068 -1.461 -1.735 -2.305 -2.390
0.0030686 -0.70000 9.62325 1.1660418510 2.5020642368    1.154  2.643  3.6314  1.335    3  0.000  0.410    10.78     7.91     5.57     4.27     3.47  4 -8.49e-10      0.00 7.233e-01 2.735e-01 4.336e-04 3.071e-04 1.414e-03 -1.000 3.233e-03 -1.838 0.120 -0.468 -1.135 -1.535 -1.813 -2.391 -2.478
0.0030686 -0.70000 9.62325 1.1661016941 2.5020730346    1.154  2.681  3.6285  1.285    3  0.000  0.410    11.93     8.64     6.07     4.66     3.78  3  -9.8e-10      0.00 7.233e-01 2.735e-01 4.336e-04 3.071e-04 1.414e-03 -1.000 3.233e-03 -1.931 0.077 -0.523 -1.201 -1.609 -1.890 -2.477 -2.565
0.0030686 -0.70000 9.62325 1.1661586761 2.5020814109    1.153  2.718  3.6256  1.236    3  0.000  0.410    13.22     9.46     6.61     5.08     4.13  3 -1.13e-09      0.00 7.233e-01 2.735e-01 4.336e-04 3.071e-04 1.414e-03 -1.000 3.233e-03 -2.026 0.034 -0.577 -1.266 -1.682 -1.966 -2.563 -2.653
0.0030686 -0.70000 9.62325 1.1662105322 2.5020890328    1.152  2.755  3.6227  1.187    3  0.000  0.410    14.61    10.32     7.18     5.53     4.49  3 -1.31e-09      0.00 7.233e-01 2.735e-01 4.335e-04 3.072e-04 1.414e-03 -1.000 3.233e-03 -2.118 -0.006 -0.630 -1.329 -1.752 -2.041 -2.646 -2.738
0.0030686 -0.70000 9.62325 1.1662597656 2.5020962685    1.151  2.792  3.6198  1.138    3  0.000  0.410    16.16    11.28     7.82     6.02     4.89  3 -1.51e-09      0.00 7.233e-01 2.735e-01 4.335e-04 3.072e-04 1.414e-03 -1.000 3.233e-03 -2.211 -0.046 -0.681 -1.392 -1.823 -2.115 -2.730 -2.824
0.0030686 -0.70000 9.62325 1.1663167477 2.5021046421    1.150  2.838  3.6162  1.078    3  0.000  0.410    18.32    12.58     8.68     6.70     5.44  3  -1.8e-09      0.00 7.233e-01 2.735e-01 4.335e-04 3.072e-04 1.414e-03 -1.000 3.233e-03 -2.325 -0.092 -0.742 -1.466 -1.908 -2.204 -2.832 -2.928
0.0030686 -0.70000 9.62325 1.1663688421 2.5021122967    1.149  2.882  3.6126  1.018    3  0.000  0.410    20.70    14.00     9.61     7.43     6.04  3 -2.14e-09      0.00 7.233e-01 2.735e-01 4.335e-04 3.072e-04 1.414e-03 -1.000 3.233e-03 -2.436 -0.135 -0.799 -1.537 -1.990 -2.291 -2.931 -3.029
0.0030686 -0.70000 9.62325 1.1664085388 2.5021181291    1.148  2.919  3.6097  0.970    3  0.000  0.410    22.87    15.28    10.45     8.09     6.58  3 -2.47e-09      0.00 7.233e-01 2.735e-01 4.335e-04 3.072e-04 1.414e-03 -1.000 3.233e-03 -2.527 -0.167 -0.845 -1.595 -2.056 -2.361 -3.013 -3.112
0.0030686 -0.70000 9.62325 1.1664456129 2.5021235757    1.147  2.955  3.6068  0.921    3  0.000  0.410    25.28    16.67    11.36     8.80     7.16  3 -2.85e-09      0.00 7.233e-01 2.735e-01 4.335e-04 3.072e-04 1.414e-03 -1.000 3.233e-03 -2.618 -0.194 -0.885 -1.648 -2.120 -2.429 -3.092 -3.194
0.0030686 -0.70000 9.62325 1.1664875746 2.5021297399    1.145  2.999  3.6032  0.863    3  0.000  0.410    28.52    18.53    12.56     9.75     7.93  2 -3.38e-09      0.00 7.233e-01 2.735e-01 4.335e-04 3.072e-04 1.414e-03 -1.000 3.233e-03 -2.727 -0.225 -0.932 -1.711 -2.195 -2.509 -3.188 -3.292
0.0030686 -0.70000 9.62325 1.1665270329 2.5021355359    1.143  3.042  3.5996  0.805    3  0.000  0.410    32.15    20.57    13.88    10.79     8.78  2 -4.01e-09      0.00 7.233e-01 2.735e-01 4.335e-04 3.072e-04 1.414e-03 -1.000 3.233e-03 -2.835 -0.254 -0.978 -1.772 -2.268 -2.587 -3.282 -3.389
0.0030686 -0.70000 9.62325 1.1665577888 2.5021400533    1.142  3.078  3.5966  0.756    3  0.000  0.410    35.53    22.45    15.09    11.75     9.56  2 -4.62e-09      0.00 7.233e-01 2.735e-01 4.335e-04 3.072e-04 1.414e-03 -1.000 3.233e-03 -2.925 -0.276 -1.014 -1.820 -2.327 -2.650 -3.360 -3.469
0.0030686 -0.70000 9.62325 1.1665918827 2.5021450606    1.140  3.120  3.5931  0.699    3  0.000  0.410    39.98    24.89    16.65    12.98    10.57  2 -5.47e-09      0.00 7.233e-01 2.735e-01 4.335e-04 3.072e-04 1.414e-03 -1.000 3.234e-03 -3.031 -0.300 -1.054 -1.876 -2.395 -2.723 -3.450 -3.562
0.0030686 -0.70000 9.62325 1.1666240692 2.5021497875    1.137  3.163  3.5895  0.641    3  0.000  0.410    45.03    27.62    18.38    14.36    11.69  2 -6.47e-09      0.00 7.233e-01 2.735e-01 4.335e-04 3.072e-04 1.414e-03 -1.000 3.233e-03 -3.137 -0.321 -1.092 -1.929 -2.462 -2.795 -3.540 -3.656
0.0030686 -0.70000 9.62325 1.1666537523 2.5021541465    1.135  3.204  3.5859  0.584    3  0.000  0.410    50.63    30.60    20.27    15.86    12.92  2 -7.65e-09      0.00 7.233e-01 2.735e-01 4.335e-04 3.072e-04 1.414e-03 -1.000 3.233e-03 -3.241 -0.337 -1.125 -1.977 -2.523 -2.860 -3.627 -3.746
0.0030686 -0.70000 9.62325 1.1666818857 2.5021582777    1.132  3.246  3.5822  0.527    3  0.000  0.410    56.97    33.92    22.37    17.53    14.28  2 -9.05e-09      0.00 7.233e-01 2.735e-01 4.335e-04 3.072e-04 1.414e-03 -1.000 3.233e-03 -3.345 -0.352 -1.156 -2.024 -2.583 -2.925 -3.714 -3.836
0.0030686 -0.70000 9.62325 1.1667081118 2.5021621285    1.129  3.287  3.5786  0.470    3  0.000  0.410    63.98    37.53    24.63    19.34    15.76  2 -1.07e-08      0.00 7.233e-01 2.735e-01 4.335e-04 3.072e-04 1.414e-03 -1.000 3.233e-03 -3.447 -0.359 -1.180 -2.062 -2.636 -2.982 -3.797 -3.923
0.0030686 -0.70000 9.62325 1.1667323112 2.5021656817    1.125  3.325  3.5751  0.417    3  0.000  0.410    71.40    41.30    26.99    21.22    17.30  1 -1.25e-08      0.00 7.233e-01 2.735e-01 4.335e-04 3.072e-04 1.414e-03 -1.000 3.234e-03 -3.542 -0.357 -1.195 -2.091 -2.678 -3.029 -3.874 -4.004
0.0030686 -0.70000 9.62325 1.1667509079 2.5021684121    1.122  3.353  3.5724  0.377    3  0.000  0.410    77.54    44.38    28.91    22.75    18.55  1 -1.41e-08      0.00 7.233e-01 2.735e-01 4.335e-04 3.072e-04 1.414e-03 -1.000 3.233e-03 -3.613 -0.354 -1.205 -2.111 -2.710 -3.063 -3.931 -4.064
0.0030686 -0.70000 9.62325 1.1667509079 2.5021684121    1.123  1.808  3.7090  2.468    4  0.000  0.417     0.00     0.00     0.00     0.00     0.00 -1    -1e-30      0.00 7.197e-01 2.770e-01 4.479e-04 2.961e-04 1.424e-03 -1.000 3.235e-03 0.250 1.229 0.915 0.504 0.249 0.053 -0.374 -0.430
0.0030686 -0.70000 9.62325 1.1669646502 2.5021997867    1.123  1.819  3.7080  2.453    4  0.000  0.417     0.00     0.00     0.00     0.00     0.00 -1    -1e-30      0.00 7.197e-01 2.771e-01 4.479e-04 2.962e-04 1.424e-03 -1.000 3.235e-03 0.222 1.210 0.893 0.480 0.223 0.026 -0.402 -0.459
0.0030686 -0.70000 9.62325 1.1671903133 2.5022328969    1.123  1.825  3.7076  2.446    4  0.000  0.417     0.00     0.00     0.00     0.00     0.00 -1    -1e-30      0.00 7.197e-01 2.771e-01 4.478e-04 2.963e-04 1.424e-03 -1.000 3.235e-03 0.208 1.200 0.882 0.468 0.211 0.013 -0.416 -0.473
0.0030686 -0.70000 9.62325 1.1674182415 2.5022663244    1.123  1.827  3.7076  2.443    4  0.000  0.417     0.00     0.00     0.00     0.00     0.00 -1    -1e-30      0.00 7.197e-01 2.771e-01 4.477e-04 2.963e-04 1.424e-03 -1.000 3.235e-03 0.201 1.193 0.875 0.461 0.204 0.006 -0.423 -0.480
0.0030686 -0.70000 9.62325 1.1676439047 2.5022994050    1.124  1.829  3.7079  2.443    4  0.000  0.417     0.00     0.00     0.00     0.00     0.00 -1    -1e-30      0.00 7.197e-01 2.771e-01 4.477e-04 2.964e-04 1.424e-03 -1.000 3.235e-03 0.198 1.188 0.870 0.457 0.200 0.003 -0.426 -0.483
0.0030686 -0.70000 9.62325 1.1678806543 2.5023340949    1.124  1.829  3.7082  2.444    4  0.000  0.417     0.00     0.00     0.00     0.00     0.00 -1    -1e-30      0.00 7.197e-01 2.771e-01 4.476e-04 2.965e-04 1.424e-03 -1.000 3.235e-03 0.197 1.183 0.867 0.454 0.198 0.001 -0.427 -0.484
0.0030686 -0.70000 9.62325 1.1681108475 2.5023678087    1.124  1.830  3.7086  2.446    4  0.000  0.417     0.00     0.00     0.00     0.00     0.00 -1    -1e-30      0.00 7.197e-01 2.771e-01 4.475e-04 2.966e-04 1.424e-03 -1.000 3.235e-03 0.196 1.179 0.863 0.451 0.196 -0.001 -0.428 -0.485
0.0030686 -0.70000 9.62325 1.1683419943 2.5024016468    1.124  1.830  3.7090  2.447    4  0.000  0.417     0.00     0.00     0.00     0.00     0.00 -1    -1e-30      0.00 7.197e-01 2.771e-01 4.474e-04 2.967e-04 1.424e-03 -1.000 3.235e-03 0.195 1.175 0.860 0.449 0.194 -0.003 -0.429 -0.486
0.0030686 -0.70000 9.62325 1.1685721874 2.5024353299    1.125  1.830  3.7094  2.448    4  0.000  0.417     0.00     0.00     0.00     0.00     0.00 -1    -1e-30      0.00 7.197e-01 2.771e-01 4.474e-04 2.968e-04 1.424e-03 -1.000 3.235e-03 0.194 1.171 0.857 0.446 0.192 -0.004 -0.430 -0.487
0.0030686 -0.70000 9.62325 1.1687864065 2.5024666619    1.125  1.831  3.7097  2.449    4  0.000  0.417     0.00     0.00     0.00     0.00     0.00 -1    -1e-30      0.00 7.197e-01 2.771e-01 4.473e-04 2.968e-04 1.424e-03 -1.000 3.235e-03 0.192 1.167 0.853 0.443 0.189 -0.007 -0.431 -0.488
0.0030686 -0.70000 9.62325 1.1690170765 2.5025003853    1.125  1.832  3.7101  2.449    4  0.000  0.417     0.00     0.00     0.00     0.00     0.00 -1    -1e-30      0.00 7.197e-01 2.771e-01 4.472e-04 2.969e-04 1.424e-03 -1.000 3.235e-03 0.190 1.162 0.849 0.440 0.186 -0.009 -0.434 -0.490
0.0030686 -0.70000 9.62325 1.1692574024 2.5025355042    1.125  1.833  3.7104  2.450    4  0.000  0.417     0.00     0.00     0.00     0.00     0.00 -1    -1e-30      0.00 7.197e-01 2.771e-01 4.472e-04 2.970e-04 1.424e-03 -1.000 3.235e-03 0.188 1.157 0.845 0.436 0.183 -0.012 -0.436 -0.492
0.0030686 -0.70000 9.62325 1.1694827080 2.5025684130    1.126  1.834  3.7106  2.450    4  0.000  0.417     0.00     0.00     0.00     0.00     0.00 -1    -1e-30      0.00 7.197e-01 2.771e-01 4.471e-04 2.971e-04 1.424e-03 -1.000 3.235e-03 0.185 1.153 0.841 0.433 0.180 -0.015 -0.438 -0.494
0.0030686 -0.70000 9.62325 1.1697224379 2.5026034126    1.126  1.835  3.7109  2.450    4  0.000  0.417     0.00     0.00     0.00     0.00     0.00 -1    -1e-30      0.00 7.197e-01 2.771e-01 4.470e-04 2.972e-04 1.424e-03 -1.000 3.235e-03 0.182 1.148 0.837 0.429 0.177 -0.018 -0.441 -0.497
0.0030686 -0.70000 9.62325 1.1699603796 2.5026381349    1.126  1.836  3.7111  2.450    4  0.000  0.417     0.00     0.00     0.00     0.00     0.00 -1    -1e-30      0.00 7.197e-01 2.771e-01 4.470e-04 2.973e-04 1.424e-03 -1.000 3.235e-03 0.179 1.143 0.832 0.425 0.173 -0.022 -0.444 -0.500
0.0030686 -0.70000 9.62325 1.1699806452 2.5026410915    1.126  1.836  3.7112  2.450    4  0.000  0.417     0.00     0.00     0.00     0.00     0.00 -1    -1e-30      0.00 7.197e-01 2.771e-01 4.469e-04 2.973e-04 1.424e-03 -1.000 3.235e-03 0.179 1.143 0.832 0.425 0.173 -0.022 -0.444 -0.500
0.0030686 -0.70000 9.62325 1.1702036858 2.5026736232    1.126  1.838  3.7113  2.450    4  0.000  0.417     0.00     0.00     0.00     0.00     0.00 -1    -1e-30      0.00 7.197e-01 2.771e-01 4.469e-04 2.974e-04 1.424e-03 -1.000 3.235e-03 0.176 1.138 0.828 0.421 0.169 -0.025 -0.447 -0.503
0.0030686 -0.70000 9.62325 1.1704413891 2.5027082779    1.127  1.839  3.7115  2.449    4  0.000  0.417     0.00     0.00     0.00     0.00     0.00 -1    -1e-30      0.00 7.197e-01 2.771e-01 4.468e-04 2.974e-04 1.424e-03 -1.000 3.235e-03 0.173 1.133 0.823 0.417 0.166 -0.029 -0.451 -0.507
0.0030686 -0.70000 9.62325 1.1706731319 2.5027420481    1.127  1.840  3.7117  2.448    4  0.000  0.416     0.00     0.00     0.00     0.00     0.00 -1    -1e-30      0.00 7.197e-01 2.771e-01 4.467e-04 2.975e-04 1.424e-03 -1.000 3.235e-03 0.169 1.129 0.819 0.413 0.162 -0.033 -0.454 -0.510
0.0030686 -0.70000 9.62325 1.1708943844 2.5027742752    1.127  1.842  3.7118  2.447    4  0.000  0.416     0.00     0.00     0.00     0.00     0.00 -1    -1e-30      0.00 7.197e-01 2.771e-01 4.467e-04 2.976e-04 1.424e-03 -1.000 3.235e-03 0.165 1.124 0.814 0.409 0.158 -0.037 -0.458 -0.514
0.0030686 -0.70000 9.62325 1.1711300611 2.5028085879    1.127  1.844  3.7119  2.446    4  0.000  0.416     0.00     0.00     0.00     0.00     0.00 -1    -1e-30      0.00 7.197e-01 2.771e-01 4.466e-04 2.977e-04 1.424e-03 -1.000 3.235e-03 0.161 1.119 0.810 0.404 0.153 -0.041 -0.463 -0.518
0.0030686 -0.70000 9.62325 1.1713522673 2.5028409249    1.128  1.846  3.7119  2.444    4  0.000  0.416     0.00     0.00     0.00     0.00     0.00 -1    -1e-30      0.00 7.197e-01 2.771e-01 4.465e-04 2.978e-04 1.424e-03 -1.000 3.235e-03 0.156 1.114 0.805 0.399 0.148 -0.046 -0.467 -0.523
0.0030686 -0.70000 9.62325 1.1715713739 2.5028727970    1.128  1.848  3.7119  2.442    4  0.000  0.416     0.00     0.00     0.00     0.00     0.00 -1    -1e-30      0.00 7.197e-01 2.771e-01 4.465e-04 2.979e-04 1.424e-03 -1.000 3.235e-03 0.151 1.110 0.800 0.394 0.143 -0.051 -0.472 -0.528
0.0030686 -0.70000 9.62325 1.1715940237 2.5028760909    1.128  1.848  3.7119  2.442    4  0.000  0.416     0.00     0.00     0.00     0.00     0.00 -1    -1e-30      0.00 7.197e-01 2.771e-01 4.465e-04 2.979e-04 1.424e-03 -1.000 3.235e-03 0.151 1.109 0.799 0.394 0.143 -0.052 -0.473 -0.528
0.0030686 -0.70000 9.62325 1.1717947721 2.5029052792    1.128  1.850  3.7118  2.440    4  0.000  0.416     0.00     0.00     0.00     0.00     0.00 -1    -1e-30      0.00 7.197e-01 2.771e-01 4.464e-04 2.979e-04 1.424e-03 -1.000 3.235e-03 0.145 1.104 0.795 0.389 0.138 -0.057 -0.478 -0.534
0.0030686 -0.70000 9.62325 1.1720150709 2.5029372968    1.128  1.852  3.7116  2.437    4  0.000  0.416     0.00     0.00     0.00     0.00     0.00 -1    -1e-30      0.00 7.197e-01 2.771e-01 4.463e-04 2.980e-04 1.424e-03 -1.000 3.235e-03 0.139 1.099 0.789 0.383 0.131 -0.063 -0.485 -0.541
0.0030686 -0.70000 9.62325 1.1722286940 2.5029683310    1.129  1.855  3.7114  2.433    4  0.000  0.416     0.00     0.00     0.00     0.00     0.00 -1    -1e-30      0.00 7.197e-01 2.771e-01 4.463e-04 2.981e-04 1.424e-03 -1.000 3.235e-03 0.132 1.094 0.783 0.377 0.125 -0.070 -0.492 -0.548
0.0030686 -0.70000 9.62325 1.1724457741 2.5029998541    1.129  1.858  3.7111  2.429    4  0.000  0.416     0.00     0.00     0.00     0.00     0.00 -1    -1e-30      0.00 7.197e-01 2.771e-01 4.462e-04 2.982e-04 1.424e-03 -1.000 3.235e-03 0.124 1.088 0.777 0.369 0.117 -0.078 -0.500 -0.556
0.0030686 -0.70000 9.62325 1.1726624966 2.5030313119    1.129  1.862  3.7108  2.424    4  0.000  0.416     0.00     0.00     0.00     0.00     0.00 -1    -1e-30      0.00 7.197e-01 2.771e-01 4.461e-04 2.983e-04 1.424e-03 -1.000 3.235e-03 0.115 1.081 0.769 0.361 0.109 -0.086 -0.509 -0.566
0.0030686 -0.70000 9.62325 1.1728748083 2.5030621165    1.129  1.866  3.7104  2.418    4  0.000  0.416     0.00     0.00     0.00     0.00     0.00 -1    -1e-30      0.00 7.197e-01 2.771e-01 4.461e-04 2.983e-04 1.424e-03 -1.000 3.235e-03 0.104 1.075 0.762 0.353 0.100 -0.096 -0.520 -0.576
0.0030686 -0.70000 9.62325 1.1730877161 2.5030929947    1.130  1.871  3.7099  2.412    4  0.000  0.416     0.00     0.00     0.00     0.00     0.00 -1    -1e-30      0.00 7.197e-01 2.771e-01 4.460e-04 2.984e-04 1.424e-03 -1.000 3.235e-03 0.093 1.067 0.753 0.343 0.089 -0.107 -0.531 -0.588
0.0030686 -0.70000 9.62325 1.1733022928 2.5031241019    1.130  1.876  3.7093  2.404    4  0.000  0.416     0.00     0.00     0.00     0.00     0.00 -1    -1e-30      0.00 7.197e-01 2.771e-01 4.459e-04 2.985e-04 1.424e-03 -1.000 3.235e-03 0.080 1.059 0.744 0.332 0.078 -0.119 -0.545 -0.601
0.0030686 -0.70000 9.62325 1.1735173464 2.5031552651    1.130  1.882  3.7087  2.396    4  0.000  0.416     0.00     0.00     0.00     0.00     0.00 -1    -1e-30      0.00 7.197e-01 2.771e-01 4.459e-04 2.986e-04 1.424e-03 -1.000 3.235e-03 0.065 1.050 0.733 0.320 0.065 -0.132 -0.559 -0.616
0.0030686 -0.70000 9.62325 1.1737344265 2.5031867086    1.130  1.886  3.7083  2.390    4  0.000  0.416     0.00     0.00     0.00     0.00     0.00 -1    -1e-30      0.00 7.197e-01 2.771e-01 4.458e-04 2.986e-04 1.424e-03 -1.000 3.235e-03 0.055 1.042 0.725 0.311 0.055 -0.142 -0.570 -0.627
0.0030686 -0.70000 9.62325 1.1739598513 2.5032193467    1.131  1.899  3.7067  2.372    4  0.000  0.416     0.00     0.00     0.00     0.00     0.00 -1    -1e-30      0.00 7.197e-01 2.771e-01 4.457e-04 2.987e-04 1.424e-03 -1.000 3.235e-03 0.024 1.024 0.703 0.286 0.027 -0.171 -0.602 -0.659
0.0030686 -0.70000 9.62325 1.1741757393 2.5032505905    1.131  1.925  3.7035  2.332    4  0.000  0.416     0.00     0.00     0.00     0.00     0.00 -1    -1e-30      0.00 7.197e-01 2.771e-01 4.457e-04 2.988e-04 1.424e-03 -1.000 3.235e-03 -0.043 0.984 0.656 0.231 -0.031 -0.233 -0.669 -0.728
0.0030686 -0.70000 9.62325 1.1743165255 2.5032709583    1.131  1.961  3.6994  2.281    4  0.000  0.415     0.00     0.00     0.00     0.00     0.00 -1    -1e-30      0.00 7.197e-01 2.771e-01 4.456e-04 2.989e-04 1.424e-03 -1.000 3.235e-03 -0.132 0.929 0.592 0.158 -0.110 -0.315 -0.759 -0.819
0.0030686 -0.70000 9.62325 1.1743819714 2.5032804246    1.131  2.001  3.6952  2.223    4  0.000  0.415     0.00     0.00     0.00     0.00     0.00 -1    -1e-30      0.00 7.197e-01 2.771e-01 4.456e-04 2.989e-04 1.424e-03 -1.000 3.235e-03 -0.232 0.866 0.519 0.075 -0.199 -0.408 -0.859 -0.921
0.0030686 -0.70000 9.62325 1.1744092703 2.5032843728    1.131  2.040  3.6913  2.169    4  0.000  0.415     0.00     0.00     0.00     0.00     0.00 -1    -1e-30      0.00 7.197e-01 2.771e-01 4.456e-04 2.989e-04 1.424e-03 -1.000 3.235e-03 -0.329 0.804 0.448 -0.005 -0.285 -0.497 -0.956 -1.019
0.0030686 -0.70000 9.62325 1.1744215488 2.5032861486    1.131  2.076  3.6877  2.118    4  0.000  0.415     0.00     0.00     0.00     0.00     0.00 -1    -1e-30      0.00 7.197e-01 2.771e-01 4.456e-04 2.989e-04 1.424e-03 -1.000 3.235e-03 -0.421 0.745 0.381 -0.080 -0.365 -0.580 -1.046 -1.111
0.0030686 -0.70000 9.62325 1.1744282246 2.5032871140    1.131  2.112  3.6844  2.070    4  0.000  0.415     0.00     0.00     0.00     0.00     0.00 -1    -1e-30      0.00 7.197e-01 2.771e-01 4.456e-04 2.989e-04 1.424e-03 -1.000 3.235e-03 -0.509 0.689 0.317 -0.152 -0.442 -0.660 -1.132 -1.198
0.0030686 -0.70000 9.62325 1.1744310856 2.5032875278    1.131  2.133  3.6825  2.041    4  0.000  0.415     0.00     0.00     0.00     0.00     0.00 -1    -1e-30      0.00 7.197e-01 2.771e-01 4.456e-04 2.989e-04 1.424e-03 -1.000 3.235e-03 -0.562 0.654 0.278 -0.196 -0.489 -0.708 -1.184 -1.250
0.0030686 -0.70000 9.62325 1.1744312048 2.5032875450    1.131  2.133  3.6825  2.040    7  0.000  0.415     0.00     0.00     0.00     0.00     0.00 -1 -4.06e-20      0.00 7.197e-01 2.767e-01 4.456e-04 2.989e-04 1.424e-03 -1.000 3.646e-03 -0.564 0.653 0.277 -0.197 -0.490 -0.710 -1.185 -1.252
0.0030686 -0.70000 9.62325 1.1744334698 2.5032878726    1.131  2.156  3.6804  2.009    7  0.000  0.415     0.00     0.00     0.00     0.00     0.00 -1 -4.32e-20      0.00 7.197e-01 2.767e-01 4.456e-04 2.989e-04 1.424e-03 -1.000 3.646e-03 -0.620 0.616 0.235 -0.243 -0.539 -0.761 -1.240 -1.308
0.0030686 -0.70000 9.62325 1.1744378805 2.5032885105    1.131  2.199  3.6767  1.951    7  0.000  0.415     0.00     0.00     0.00     0.00     0.00 -1 -4.87e-20      0.00 7.197e-01 2.767e-01 4.456e-04 2.989e-04 1.424e-03 -1.000 3.646e-03 -0.727 0.554 0.159 -0.333 -0.636 -0.862 -1.348 -1.416
0.0030686 -0.70000 9.62325 1.1744441986 2.5032894242    1.131  2.235  3.6737  1.903    7  0.000  0.415     0.00     0.00     0.00     0.00     0.00 -1  -5.3e-20      0.00 7.197e-01 2.767e-01 4.456e-04 2.989e-04 1.424e-03 -1.000 3.646e-03 -0.817 0.505 0.097 -0.408 -0.718 -0.947 -1.438 -1.507
0.0030686 -0.70000 9.62325 1.1744742393 2.5032937684    1.131  2.206  3.6763  1.943    7  0.000  0.415     0.00     0.00     0.00     0.00     0.00 -1 -5.08e-20      0.00 7.197e-01 2.767e-01 4.456e-04 2.989e-04 1.424e-03 -1.000 3.647e-03 -0.744 0.543 0.146 -0.348 -0.652 -0.879 -1.365 -1.434
0.0030686 -0.70000 9.62325 1.1746569872 2.5033201903    1.130  2.224  3.6746  1.918    7  0.000  0.415     0.00     0.00     0.00     0.00     0.00 -1 -7.56e-10      0.00 7.196e-01 2.762e-01 4.455e-04 2.990e-04 1.424e-03 -1.000 4.132e-03 -0.789 0.520 0.116 -0.385 -0.692 -0.921 -1.410 -1.479
0.0030686 -0.70000 9.62325 1.1747390032 2.5033320452    1.129  2.270  3.6706  1.855    7  0.000  0.415     0.00     0.00     0.00     0.00     0.00 -1 -9.76e-10      0.00 7.196e-01 2.762e-01 4.455e-04 2.990e-04 1.424e-03 -1.000 4.131e-03 -0.905 0.458 0.036 -0.482 -0.797 -1.030 -1.526 -1.596
0.0030686 -0.70000 9.62325 1.1748135090 2.5033428129    1.128  2.319  3.6664  1.789    7  0.000  0.415     0.00     0.00     0.00     0.00     0.00 -1 -1.25e-09      0.00 7.196e-01 2.762e-01 4.455e-04 2.990e-04 1.424e-03 -1.000 4.131e-03 -1.027 0.395 -0.046 -0.581 -0.906 -1.144 -1.646 -1.718
0.0030686 -0.70000 9.62325 1.1748754978 2.5033517704    1.127  2.363  3.6627  1.730    7  0.000  0.415     0.00     0.00     0.00     0.00     0.00 -1  -1.6e-09      0.00 7.196e-01 2.762e-01 4.455e-04 2.991e-04 1.424e-03 -1.000 4.131e-03 -1.137 0.340 -0.119 -0.670 -1.002 -1.245 -1.754 -1.826
0.0030686 -0.70000 9.62325 1.1749297380 2.5033596074    1.126  2.406  3.6590  1.672    7  0.000  0.415     0.00     0.00     0.00     0.00     0.00 -1 -2.02e-09      0.00 7.196e-01 2.762e-01 4.455e-04 2.991e-04 1.424e-03 -1.000 4.131e-03 -1.245 0.288 -0.189 -0.757 -1.097 -1.343 -1.858 -1.932
0.0030686 -0.70000 9.62325 1.1749773026 2.5033664791    1.125  2.448  3.6554  1.614    7  0.000  0.415     0.00     0.00     0.00     0.00     0.00 -1 -2.52e-09      0.00 7.196e-01 2.762e-01 4.454e-04 2.991e-04 1.424e-03 -1.000 4.131e-03 -1.351 0.238 -0.257 -0.840 -1.187 -1.438 -1.959 -2.035
0.0030686 -0.70000 9.62325 1.1750186682 2.5033724547    1.124  2.490  3.6519  1.558    7  0.000  0.415     0.00     0.00     0.00     0.00     0.00 -1 -3.17e-09      0.00 7.196e-01 2.762e-01 4.454e-04 2.991e-04 1.424e-03 -1.000 4.131e-03 -1.455 0.190 -0.323 -0.922 -1.277 -1.531 -2.058 -2.135
0.0030686 -0.70000 9.62325 1.1750553846 2.5033777583    1.122  2.531  3.6478  1.500    7  0.000  0.415     7.58     5.83     4.16     3.18     2.58  4 -3.92e-09      0.00 7.196e-01 2.762e-01 4.454e-04 2.991e-04 1.424e-03 -1.000 4.130e-03 -1.558 0.154 -0.381 -0.997 -1.360 -1.619 -2.153 -2.232
0.0030686 -0.70000 9.62325 1.1750881672 2.5033824934    1.121  2.573  3.6431  1.439    7  0.000  0.415     8.59     6.50     4.62     3.53     2.87  4 -4.88e-09      0.00 7.196e-01 2.762e-01 4.452e-04 2.992e-04 1.424e-03 -1.000 4.130e-03 -1.662 0.122 -0.430 -1.061 -1.435 -1.699 -2.246 -2.327
0.0030686 -0.70000 9.62325 1.1751178503 2.5033867805    1.119  2.614  3.6393  1.382    7  0.000  0.415     9.66     7.20     5.09     3.90     3.17  4 -6.11e-09      0.00 7.196e-01 2.762e-01 4.449e-04 2.995e-04 1.424e-03 -1.000 4.131e-03 -1.764 0.080 -0.487 -1.131 -1.514 -1.783 -2.340 -2.422
0.0030686 -0.70000 9.62325 1.1751387119 2.5033897934    1.117  2.645  3.6347  1.332    7  0.000  0.414    10.71     7.88     5.55     4.26     3.46  4 -7.18e-09      0.00 7.196e-01 2.762e-01 4.443e-04 2.999e-04 1.424e-03 -1.000 4.135e-03 -1.841 0.074 -0.508 -1.167 -1.561 -1.835 -2.405 -2.490
0.0030686 -0.70000 9.62325 1.1751642227 2.5033934775    1.115  2.685  3.6313  1.278    7  0.000  0.412    11.98     8.69     6.09     4.68     3.80  3 -8.82e-09      0.00 7.196e-01 2.763e-01 4.430e-04 3.012e-04 1.424e-03 -1.000 4.099e-03 -1.942 0.028 -0.566 -1.237 -1.639 -1.918 -2.497 -2.584
0.0030686 -0.70000 9.62325 1.1751883030 2.5033969549    1.112  2.725  3.6279  1.223    7  0.000  0.410    13.41     9.59     6.69     5.15     4.18  3 -1.08e-08      0.00 7.196e-01 2.763e-01 4.411e-04 3.032e-04 1.424e-03 -1.000 4.069e-03 -2.042 -0.012 -0.620 -1.304 -1.715 -1.997 -2.587 -2.676
0.0030686 -0.70000 9.62325 1.1752113104 2.5034002772    1.109  2.766  3.6244  1.167    7  0.000  0.408    15.04    10.60     7.36     5.68     4.61  3 -1.34e-08      0.00 7.196e-01 2.763e-01 4.387e-04 3.061e-04 1.424e-03 -1.000 4.069e-03 -2.144 -0.052 -0.674 -1.371 -1.791 -2.078 -2.678 -2.769
0.0030686 -0.70000 9.62325 1.1752328873 2.5034033928    1.105  2.806  3.6209  1.111    7  0.000  0.406    16.87    11.72     8.10     6.26     5.08  3 -1.65e-08      0.00 7.196e-01 2.763e-01 4.362e-04 3.090e-04 1.424e-03 -1.000 4.070e-03 -2.245 -0.091 -0.727 -1.437 -1.866 -2.157 -2.769 -2.862
0.0030686 -0.70000 9.62325 1.1752529144 2.5034062846    1.101  2.844  3.6175  1.058    7  0.000  0.404    18.83    12.90     8.88     6.87     5.58  3 -2.01e-08      0.00 7.196e-01 2.763e-01 4.341e-04 3.116e-04 1.424e-03 -1.000 4.078e-03 -2.341 -0.123 -0.773 -1.495 -1.935 -2.230 -2.854 -2.949
0.0030686 -0.70000 9.62325 1.1752734184 2.5034092450    1.096  2.883  3.6140  1.003    7  0.000  0.402    21.06    14.22     9.75     7.55     6.14  3 -2.45e-08      0.00 7.196e-01 2.763e-01 4.323e-04 3.139e-04 1.424e-03 -1.000 4.097e-03 -2.438 -0.154 -0.817 -1.553 -2.003 -2.302 -2.938 -3.036
0.0030686 -0.70000 9.62325 1.1752939224 2.5034122053    1.090  2.923  3.6104  0.946    7  0.000  0.401    23.65    15.74    10.73     8.33     6.77  2 -3.03e-08      0.00 7.196e-01 2.763e-01 4.307e-04 3.158e-04 1.424e-03 -1.000 4.096e-03 -2.537 -0.178 -0.858 -1.609 -2.070 -2.375 -3.025 -3.124
0.0030686 -0.70000 9.62325 1.1753128767 2.5034149418    1.082  2.964  3.6065  0.886    7  0.000  0.399    26.73    17.51    11.88     9.24     7.51  2 -3.76e-08      0.00 7.196e-01 2.763e-01 4.293e-04 3.175e-04 1.424e-03 -1.000 4.090e-03 -2.641 -0.200 -0.897 -1.664 -2.138 -2.449 -3.114 -3.217
0.0030686 -0.70000 9.62325 1.1753267050 2.5034169382    1.076  3.009  3.6024  0.822    7  0.000  0.398    30.45    19.61    13.24    10.31     8.39  2 -4.69e-08      0.00 7.196e-01 2.764e-01 4.281e-04 3.191e-04 1.424e-03 -1.000 4.050e-03 -2.752 -0.222 -0.938 -1.723 -2.211 -2.527 -3.210 -3.315
0.0030686 -0.70000 9.62325 1.1753357649 2.5034182461    1.070  3.048  3.5987  0.766    7  0.000  0.397    34.17    21.68    14.57    11.37     9.25  2 -5.78e-08      0.00 7.196e-01 2.764e-01 4.270e-04 3.204e-04 1.424e-03 -1.000 4.066e-03 -2.850 -0.240 -0.971 -1.772 -2.273 -2.593 -3.293 -3.401
0.0030686 -0.70000 9.62325 1.1753439903 2.5034194335    1.064  3.085  3.5951  0.712    7  0.000  0.397    38.20    23.89    15.98    12.49    10.16  2 -6.92e-08      0.00 7.196e-01 2.764e-01 4.262e-04 3.214e-04 1.424e-03 -1.000 4.021e-03 -2.944 -0.251 -0.999 -1.814 -2.328 -2.654 -3.371 -3.482
0.0030686 -0.70000 9.62325 1.1753515005 2.5034205177    1.057  3.124  3.5914  0.656    7  0.000  0.396    42.85    26.40    17.58    13.76    11.20  2 -8.41e-08      0.00 7.195e-01 2.764e-01 4.255e-04 3.222e-04 1.423e-03 -1.000 4.068e-03 -3.040 -0.262 -1.027 -1.858 -2.385 -2.716 -3.452 -3.565
0.0030686 -0.70000 9.62325 1.1753585339 2.5034215330    1.050  3.164  3.5874  0.597    7  0.000  0.396    48.35    29.31    19.42    15.23    12.40  2 -1.04e-07      0.00 7.195e-01 2.764e-01 4.249e-04 3.230e-04 1.423e-03 -1.000 4.075e-03 -3.139 -0.268 -1.050 -1.897 -2.438 -2.774 -3.533 -3.650
0.0030686 -0.70000 9.62325 1.1753654480 2.5034225311    1.041  3.205  3.5830  0.534    7  0.000  0.395    54.92    32.73    21.58    16.95    13.80  2 -1.28e-07      0.00 7.195e-01 2.764e-01 4.246e-04 3.234e-04 1.423e-03 -1.000 4.079e-03 -3.242 -0.268 -1.069 -1.933 -2.490 -2.831 -3.615 -3.736
0.0030686 -0.70000 9.62325 1.1753714085 2.5034233916    1.031  3.249  3.5781  0.466    7  0.000  0.395    63.15    36.93    24.21    19.06    15.52  1  -1.6e-07      0.00 7.195e-01 2.764e-01 4.245e-04 3.236e-04 1.423e-03 -1.000 4.073e-03 -3.354 -0.256 -1.078 -1.962 -2.537 -2.884 -3.702 -3.828
0.0030686 -0.70000 9.62325 1.1753731966 2.5034236497    1.027  3.264  3.5765  0.444    7  0.000  0.395    66.13    38.43    25.14    19.81    16.13  1 -1.74e-07      0.00 7.195e-01 2.764e-01 4.241e-04 3.242e-04 1.423e-03 -1.000 4.082e-03 -3.390 -0.248 -1.078 -1.967 -2.549 -2.897 -3.730 -3.858
0.0030686 -0.70000 9.62325 1.1753735542 2.5034237013    1.026  3.171  3.5857  0.573    7  0.000  0.395    50.48    30.40    20.10    15.78    12.85  2 -1.15e-07      0.00 7.195e-01 2.764e-01 4.240e-04 3.243e-04 1.423e-03 -1.000 4.082e-03 -3.157 -0.246 -1.035 -1.889 -2.436 -2.774 -3.543 -3.661
0.0030686 -0.70000 9.62325 1.1753736734 2.5034237185    1.026  3.232  3.5798  0.489    7  0.000  0.395    60.21    35.42    23.26    18.31    14.91  1 -1.51e-07      0.00 7.195e-01 2.764e-01 4.240e-04 3.244e-04 1.423e-03 -1.000 4.082e-03 -3.310 -0.257 -1.072 -1.950 -2.518 -2.863 -3.667 -3.791
0.0030686 -0.70000 9.62325 1.1753737926 2.5034237357    1.026  3.242  3.5788  0.474    7  0.000  0.395    62.02    36.34    23.84    18.77    15.28  1 -1.58e-07      0.00 7.195e-01 2.764e-01 4.240e-04 3.244e-04 1.423e-03 -1.000 4.082e-03 -3.335 -0.254 -1.074 -1.955 -2.527 -2.874 -3.687 -3.812
0.0030686 -0.70000 9.62325 1.1753739119 2.5034237529    1.026  3.225  3.5805  0.498    7  0.000  0.395    59.03    34.82    22.88    18.01    14.66  1 -1.47e-07      0.00 7.195e-01 2.764e-01 4.240e-04 3.244e-04 1.423e-03 -1.000 4.082e-03 -3.293 -0.258 -1.070 -1.944 -2.510 -2.854 -3.653 -3.777
0.0030686 -0.70000 9.62325 1.1753741503 2.5034237873    1.025  3.238  3.5791  0.479    7  0.000  0.395    61.42    36.03    23.65    18.62    15.16  1 -1.56e-07      0.00 7.195e-01 2.764e-01 4.240e-04 3.244e-04 1.423e-03 -1.000 4.082e-03 -3.326 -0.254 -1.073 -1.953 -2.524 -2.870 -3.680 -3.804
0.0030686 -0.70000 9.62325 1.1753743887 2.5034238218    1.025  3.261  3.5768  0.447    7  0.000  0.395    65.65    38.18    24.99    19.69    16.03  1 -1.73e-07      0.00 7.195e-01 2.764e-01 4.239e-04 3.245e-04 1.423e-03 -1.000 4.082e-03 -3.383 -0.249 -1.078 -1.966 -2.546 -2.894 -3.724 -3.852
0.0030686 -0.70000 9.62325 1.1753747463 2.5034238734    1.024  3.285  3.5743  0.413    7  0.000  0.395    70.49    40.61    26.50    20.90    17.02  1 -1.93e-07      0.00 7.195e-01 2.764e-01 4.239e-04 3.245e-04 1.423e-03 -1.000 4.082e-03 -3.442 -0.240 -1.080 -1.977 -2.567 -2.919 -3.770 -3.900
0.0030686 -0.70000 9.62325 1.1753751040 2.5034239250    1.023  3.309  3.5716  0.377    7  0.000  0.395    75.92    43.31    28.18    22.25    18.12  1 -2.15e-07      0.00 7.195e-01 2.764e-01 4.239e-04 3.246e-04 1.423e-03 -1.000 4.082e-03 -3.504 -0.229 -1.081 -1.988 -2.589 -2.943 -3.817 -3.951
0.0030686 -0.70000 9.62325 1.1753755808 2.5034239938    1.022  3.335  3.5688  0.339    7  0.000  0.394    82.17    46.38    30.09    23.78    19.37  1 -2.42e-07      0.00 7.195e-01 2.764e-01 4.236e-04 3.250e-04 1.423e-03 -1.000 4.080e-03 -3.569 -0.215 -1.079 -1.995 -2.607 -2.964 -3.865 -4.003
0.0030686 -0.70000 9.62325 1.1753761768 2.5034240799    1.020  3.362  3.5657  0.299    7  0.000  0.394    89.27    49.83    32.22    25.49    20.77  1 -2.73e-07      0.00 7.195e-01 2.765e-01 4.232e-04 3.256e-04 1.423e-03 -1.000 4.068e-03 -3.636 -0.197 -1.072 -1.996 -2.619 -2.978 -3.915 -4.056
0.0030686 -0.70000 9.62325 1.1753771305 2.5034242175    1.016  3.392  3.5623  0.254    7  0.000  0.394    97.90    53.97    34.77    27.55    22.45  1 -3.17e-07      0.00 7.195e-01 2.765e-01 4.228e-04 3.261e-04 1.423e-03 -1.000 4.068e-03 -3.710 -0.173 -1.062 -1.995 -2.631 -2.992 -3.967 -4.114
0.0030686 -0.70000 9.62325 1.1753784418 2.5034244068    1.011  3.425  3.5583  0.203    7  0.546  0.393   108.90    59.16    37.95    30.11    24.55  1 -3.71e-07      0.00 7.195e-01 2.765e-01 4.224e-04 3.266e-04 1.423e-03 -1.000 4.070e-03 -3.792 -0.136 -1.039 -1.979 -2.630 -2.994 -4.022 -4.175
0.0030686 -0.70000 9.62325 1.1753805876 2.5034247166    1.000  3.458  3.5538  0.147    7  0.540  0.393   121.98    65.20    41.64    33.10    26.98  1 -4.39e-07      0.00 7.195e-01 2.765e-01 4.223e-04 3.269e-04 1.423e-03 -1.000 4.079e-03 -3.874 -0.083 -1.000 -1.943 -2.609 -2.975 -4.072 -4.233
0.0030686 -0.70000 9.62325 1.1753811836 2.5034248026    0.995  3.463  3.5530  0.137    7  0.539  0.393   124.65    66.41    42.37    33.69    27.47  1 -4.53e-07      0.00 7.195e-01 2.765e-01 4.222e-04 3.269e-04 1.423e-03 -1.000 4.083e-03 -3.888 -0.071 -0.991 -1.935 -2.603 -2.970 -4.079 -4.242
0.0030686 -0.70000 9.62325 1.1753813028 2.5034248198    0.995  3.463  3.5530  0.137    8  0.539  0.413   124.66    66.42    42.37    33.70    27.47  1 -4.55e-07      0.00 7.195e-01 2.773e-01 4.449e-04 3.273e-04 1.427e-03 -1.000 3.231e-03 -3.888 -0.071 -0.991 -1.935 -2.603 -2.970 -4.079 -4.242
0.0030686 -0.70000 9.62325 1.1753814220 2.5034248370    0.995  3.264  3.5743  0.421    8  0.539  0.416    68.92    39.75    25.95    20.48    16.68  1 -1.91e-07      0.00 7.195e-01 2.773e-01 4.449e-04 3.273e-04 1.427e-03 -1.000 3.231e-03 -3.391 -0.192 -1.031 -1.927 -2.516 -2.868 -3.718 -3.849
0.0030686 -0.70000 9.62325 1.1753815413 2.5034248542    0.994  3.153  3.5861  0.579    8  0.539  0.416    49.50    29.84    19.73    15.51    12.62  2 -1.16e-07      0.00 7.195e-01 2.773e-01 4.449e-04 3.273e-04 1.427e-03 -1.000 3.231e-03 -3.112 -0.210 -0.998 -1.850 -2.396 -2.733 -3.499 -3.617
0.0030686 -0.70000 9.62325 1.1753817797 2.5034248887    0.992  2.953  3.6071  0.862    8  0.540  0.416    27.39    17.87    12.09     9.43     7.67  2 -4.66e-08      0.00 7.195e-01 2.773e-01 4.449e-04 3.273e-04 1.427e-03 -1.000 3.231e-03 -2.612 -0.173 -0.872 -1.641 -2.114 -2.424 -3.088 -3.190
0.0030686 -0.70000 9.62325 1.1753822565 2.5034249575    0.990  2.960  3.6062  0.851    8  0.540  0.416    28.03    18.23    12.33     9.62     7.82  2 -4.85e-08      0.00 7.195e-01 2.773e-01 4.449e-04 3.273e-04 1.427e-03 -1.000 3.231e-03 -2.629 -0.172 -0.875 -1.647 -2.123 -2.434 -3.102 -3.205
0.0030686 -0.70000 9.62325 1.1753828526 2.5034250435    0.987  3.060  3.5953  0.705    8  0.540  0.416    37.97    23.71    15.84    12.41    10.09  2 -7.81e-08      0.00 7.195e-01 2.773e-01 4.449e-04 3.273e-04 1.427e-03 -1.000 3.231e-03 -2.881 -0.191 -0.939 -1.755 -2.268 -2.593 -3.310 -3.421
0.0030686 -0.70000 9.62325 1.1753834486 2.5034251296    0.984  3.210  3.5792  0.490    8  0.540  0.416    59.50    34.97    22.96    18.09    14.73  1 -1.55e-07      0.00 7.195e-01 2.773e-01 4.449e-04 3.273e-04 1.427e-03 -1.000 3.231e-03 -3.255 -0.190 -1.007 -1.885 -2.455 -2.800 -3.609 -3.734
0.0030686 -0.70000 9.62325 1.1753842831 2.5034252500    0.980  3.338  3.5653  0.304    8  0.540  0.416    87.68    48.90    31.62    25.05    20.40  1 -2.77e-07      0.00 7.195e-01 2.773e-01 4.449e-04 3.273e-04 1.427e-03 -1.000 3.231e-03 -3.576 -0.130 -1.004 -1.928 -2.552 -2.911 -3.852 -3.994
0.0030686 -0.70000 9.62325 1.1753852367 2.5034253877    0.975  3.421  3.5561  0.182    8  0.540  0.416   112.94    60.85    38.96    30.96    25.23  1 -4.04e-07      0.00 7.195e-01 2.773e-01 4.449e-04 3.273e-04 1.427e-03 -1.000 3.231e-03 -3.783 -0.065 -0.973 -1.914 -2.571 -2.936 -3.997 -4.154
0.0030686 -0.70000 9.62325 1.1753863096 2.5034255426    0.969  3.463  3.5512  0.118    8  0.541  0.416   128.91    68.18    43.42    34.58    28.19  1 -4.92e-07      0.00 7.195e-01 2.773e-01 4.449e-04 3.273e-04 1.427e-03 -1.000 3.231e-03 -3.888 -0.018 -0.943 -1.888 -2.562 -2.929 -4.065 -4.232
0.0030686 -0.70000 9.62325 1.1753875017 2.5034257146    0.963  3.480  3.5489  0.089    8  0.541  0.416   136.84    71.74    45.58    36.33    29.62  1 -5.39e-07      0.00 7.195e-01 2.773e-01 4.449e-04 3.273e-04 1.427e-03 -1.000 3.231e-03 -3.930 0.013 -0.919 -1.864 -2.546 -2.913 -4.090 -4.261
0.0030686 -0.70000 9.62325 1.1753888130 2.5034259039    0.956  3.488  3.5476  0.074    8  0.541  0.416   141.22    73.67    46.74    37.28    30.39  1 -5.68e-07      0.00 7.195e-01 2.773e-01 4.449e-04 3.273e-04 1.427e-03 -1.000 3.231e-03 -3.949 0.038 -0.897 -1.841 -2.527 -2.895 -4.097 -4.271
0.0030686 -0.70000 9.62325 1.1753889322 2.5034259211    0.956  3.348  3.5624  0.272    8  0.541  0.416    93.28    51.48    33.19    26.34    21.45  1 -3.12e-07      0.00 7.195e-01 2.773e-01 4.449e-04 3.273e-04 1.427e-03 -1.000 3.231e-03 -3.600 -0.075 -0.960 -1.890 -2.524 -2.885 -3.858 -4.004
0.0030686 -0.70000 9.62325 1.1753890514 2.5034259383    0.954  3.183  3.5798  0.506    8  0.541  0.416    57.16    33.71    22.15    17.47    14.21  1 -1.51e-07      0.00 7.195e-01 2.773e-01 4.449e-04 3.273e-04 1.427e-03 -1.000 3.231e-03 -3.188 -0.142 -0.955 -1.830 -2.397 -2.741 -3.545 -3.669
0.0030686 -0.70000 9.62325 1.1753895283 2.5034260072    0.951  2.984  3.6008  0.788    8  0.541  0.416    31.65    20.23    13.60    10.65     8.65  2 -6.16e-08      0.00 7.195e-01 2.773e-01 4.449e-04 3.273e-04 1.427e-03 -1.000 3.231e-03 -2.690 -0.122 -0.846 -1.639 -2.133 -2.451 -3.142 -3.248
0.0030686 -0.70000 9.62325 1.1753900051 2.5034260760    0.948  2.991  3.5998  0.774    8  0.542  0.416    32.51    20.70    13.90    10.89     8.85  2 -6.46e-08      0.00 7.195e-01 2.773e-01 4.449e-04 3.273e-04 1.427e-03 -1.000 3.231e-03 -2.708 -0.119 -0.847 -1.644 -2.142 -2.461 -3.156 -3.263
0.0030686 -0.70000 9.62325 1.1753907204 2.5034261792    0.943  3.092  3.5888  0.628    8  0.542  0.416    44.14    26.95    17.89    14.06    11.44  2 -1.04e-07      0.00 7.195e-01 2.773e-01 4.448e-04 3.273e-04 1.427e-03 -1.000 3.231e-03 -2.959 -0.125 -0.900 -1.740 -2.276 -2.609 -3.359 -3.475
0.0030686 -0.70000 9.62325 1.1753915548 2.5034262997    0.936  3.240  3.5726  0.412    8  0.542  0.416    69.26    39.75    25.91    20.50    16.68  1 -2.07e-07      0.00 7.195e-01 2.773e-01 4.448e-04 3.273e-04 1.427e-03 -1.000 3.231e-03 -3.330 -0.093 -0.936 -1.836 -2.431 -2.784 -3.648 -3.781
0.0030686 -0.70000 9.62325 1.1753926277 2.5034264546    0.929  3.367  3.5585  0.225    8  0.542  0.416   102.37    55.63    35.72    28.40    23.13  1 -3.69e-07      0.00 7.195e-01 2.773e-01 4.448e-04 3.273e-04 1.427e-03 -1.000 3.231e-03 -3.648 -0.010 -0.908 -1.845 -2.493 -2.856 -3.880 -4.032
0.0030686 -0.70000 9.62325 1.1753938198 2.5034266266    0.921  3.450  3.5491  0.101    8  0.543  0.416   132.51    69.43    44.13    35.21    28.70  1 -5.41e-07      0.00 7.195e-01 2.773e-01 4.448e-04 3.273e-04 1.427e-03 -1.000 3.231e-03 -3.854 0.079 -0.851 -1.794 -2.475 -2.842 -4.015 -4.185
0.0030686 -0.70000 9.62325 1.1753952503 2.5034268331    0.911  3.492  3.5440  0.034    8  0.543  0.416   152.28    78.17    49.41    39.51    32.20  1 -6.68e-07      0.00 7.195e-01 2.773e-01 4.448e-04 3.273e-04 1.427e-03 -1.000 3.231e-03 -3.959 0.149 -0.794 -1.733 -2.432 -2.798 -4.073 -4.256
0.0030686 -0.70000 9.62325 1.1753968000 2.5034270568    0.901  3.509  3.5414  0.001    8  0.544  0.416   161.20    82.77    52.17    41.77    34.05  1 -7.47e-07      0.00 7.195e-01 2.773e-01 4.448e-04 3.273e-04 1.427e-03 -1.000 3.231e-03 -4.003 0.194 -0.755 -1.692 -2.400 -2.766 -4.094 -4.282
0.0030686 -0.70000 9.62325 1.1753984690 2.5034272977    0.889  3.518  3.5397 -0.020    8  0.544  0.416   165.54    85.60    53.85    43.17    35.18  1 -8.04e-07      0.00 7.195e-01 2.773e-01 4.448e-04 3.273e-04 1.427e-03 -1.000 3.231e-03 -4.024 0.232 -0.721 -1.657 -2.370 -2.736 -4.099 -4.291
0.0030686 -0.70000 9.62325 1.1753985882 2.5034273149    0.889  3.386  3.5539  0.168    8  0.544  0.416   114.35    60.91    38.91    31.04    25.27  1 -4.59e-07      0.00 7.195e-01 2.773e-01 4.448e-04 3.273e-04 1.427e-03 -1.000 3.231e-03 -3.695 0.082 -0.830 -1.771 -2.434 -2.799 -3.893 -4.054
0.0030686 -0.70000 9.62325 1.1753988266 2.5034273494    0.886  3.222  3.5716  0.401    8  0.544  0.416    70.03    39.95    26.01    20.62    16.77  1 -2.27e-07      0.00 7.195e-01 2.773e-01 4.448e-04 3.273e-04 1.427e-03 -1.000 3.231e-03 -3.286 -0.024 -0.871 -1.774 -2.373 -2.727 -3.599 -3.733
0.0030686 -0.70000 9.62325 1.1753991842 2.5034274010    0.882  3.024  3.5930  0.684    8  0.544  0.416    38.62    23.95    15.95    12.55    10.20  2 -9.41e-08      0.00 7.195e-01 2.773e-01 4.448e-04 3.273e-04 1.427e-03 -1.000 3.231e-03 -2.790 -0.051 -0.808 -1.632 -2.152 -2.481 -3.208 -3.321
0.0030686 -0.70000 9.62325 1.1753998995 2.5034275042    0.877  3.032  3.5920  0.669    8  0.545  0.416    39.79    24.56    16.34    12.87    10.45  2 -9.96e-08      0.00 7.195e-01 2.773e-01 4.448e-04 3.273e-04 1.427e-03 -1.000 3.231e-03 -2.809 -0.047 -0.808 -1.637 -2.161 -2.491 -3.224 -3.337
0.0030686 -0.70000 9.62325 1.1754006147 2.5034276075    0.870  3.131  3.5808  0.521    8  0.545  0.416    54.19    32.01    21.04    16.63    13.52  1  -1.6e-07      0.00 7.195e-01 2.773e-01 4.448e-04 3.273e-04 1.427e-03 -1.000 3.231e-03 -3.058 -0.038 -0.846 -1.717 -2.280 -2.623 -3.421 -3.543
0.0030686 -0.70000 9.62325 1.1754016876 2.5034277623    0.861  3.277  3.5645  0.306    8  0.545  0.416    85.19    47.15    30.45    24.22    19.71  1 -3.16e-07      0.00 7.195e-01 2.773e-01 4.448e-04 3.273e-04 1.427e-03 -1.000 3.231e-03 -3.423 0.039 -0.837 -1.760 -2.385 -2.745 -3.694 -3.837
0.0030686 -0.70000 9.62325 1.1754028797 2.5034279344    0.850  3.403  3.5502  0.118    8  0.546  0.416   126.27    65.99    41.96    33.56    27.33  1 -5.64e-07      0.00 7.195e-01 2.773e-01 4.448e-04 3.273e-04 1.427e-03 -1.000 3.231e-03 -3.737 0.158 -0.768 -1.712 -2.388 -2.755 -3.906 -4.075
0.0030686 -0.70000 9.62325 1.1754041910 2.5034281237    0.839  3.484  3.5407 -0.008    8  0.546  0.416   158.98    82.49    51.91    41.68    33.95  1 -8.33e-07      0.00 7.195e-01 2.773e-01 4.448e-04 3.273e-04 1.427e-03 -1.000 3.231e-03 -3.940 0.281 -0.670 -1.607 -2.317 -2.683 -4.024 -4.213
0.0030686 -0.70000 9.62325 1.1754057407 2.5034283474    0.825  3.526  3.5355 -0.077    8  0.547  0.416   175.92    93.17    58.30    46.91    38.22  0 -1.04e-06      0.01 7.195e-01 2.773e-01 4.448e-04 3.273e-04 1.427e-03 -1.000 3.231e-03 -4.045 0.381 -0.580 -1.506 -2.236 -2.600 -4.070 -4.274
0.0030686 -0.70000 9.62325 1.1754075289 2.5034286055    0.811  3.544  3.5329 -0.114    8  0.547  0.416   184.89    99.09    61.80    49.81    40.59  0 -1.19e-06      0.01 7.195e-01 2.773e-01 4.448e-04 3.273e-04 1.427e-03 -1.000 3.231e-03 -4.091 0.443 -0.523 -1.443 -2.184 -2.547 -4.084 -4.296
0.0030686 -0.70000 9.62325 1.1754094362 2.5034288808    0.795  3.554  3.5314 -0.138    8  0.548  0.416   190.50   102.97    64.08    51.72    42.14  0 -1.32e-06      0.01 7.195e-01 2.773e-01 4.448e-04 3.273e-04 1.427e-03 -1.000 3.231e-03 -4.114 0.486 -0.483 -1.400 -2.147 -2.510 -4.088 -4.305
0.0030686 -0.70000 9.62325 1.1754224300 2.5034307563    0.552 -9.999  4.0000  1.714    9  0.553  0.000     0.00     0.00     0.00     0.00     0.00 -1    -1e-30      0.00 7.195e-01 2.773e-01 4.448e-04 3.273e-04 1.427e-03 -1.000 3.231e-03 29.767 29.994 30.028 30.033 30.029 30.027 30.030 30.020
#isochrone terminated
